2D_RC/main/cross_table
# %ECSV 0.9
# ---
# datatype:
# - {name: galaxy_ID, datatype: string}
# - {name: smoothness, datatype: float64}
# - {name: DL_ttype, datatype: float64}
# schema: astropy-2.0
galaxy_ID smoothness DL_ttype
[from data line 9151]
9002-12703 2.5042327105586026 -2.3518738746643066
9002-12704 0.6118350625038147 4.331912994384766
9002-12705 0.9033097291531585 4.463328838348389
9002-1901 0.9078750210906823 1.1538704633712769
9002-1902 1.0259799657691835 3.3712539672851562
9002-3701 2.3981936892947635 -2.3959920406341553
9002-3702 1.9525056800063776 1.721554160118103
9002-3703 2.5214152128800102 -1.4092187881469727
9002-3704 1.1627325330461775 -2.143340587615967
9002-6101 2.080526311610772 -1.6798118352890015
9002-6102 2.414037890625 -2.2278404235839844
9002-6103 2.161195320918642 0.9942432641983032
9002-6104 2.6851009302745665 -2.7510805130004883
9002-9101 2.8052454534566627 -2.8031036853790283
9002-9102 1.1433336941701062 4.409234523773193
9024-12701 0.7648587073390677 0.9798299670219421
9024-12702 2.1356678299492384 2.8471486568450928
9024-12703 1.9293905600161738 -2.056598663330078
9024-12704 1.1695328191457939 2.986279249191284
9024-12705 0.8957192743094179 2.075697898864746
9024-1901 2.5793894856770834 -2.1707584857940674
9024-1902 0.6360020469780543 2.2559633255004883
9024-3701 2.694045332445706 -2.7043237686157227
9024-3702 2.6700028251940227 -2.6590054035186768
9024-3703 2.2194897333780923 -1.3648269176483154
9024-3704 2.637235490457753 -2.5616722106933594
9024-6101 2.185400626509662 -2.0172266960144043
9024-6102 0.4582027626908533 5.335730075836182
9024-6103 2.5077274295196896 -1.591942310333252
9024-6104 2.5223926477689185 -1.9371646642684937
9024-9101 1.0253296226407174 2.331557273864746
9024-9102 1.5529574170524691 2.7381677627563477
9025-12701 1.9974631249406796 -0.49881818890571594
9025-12702 3.0295894922577986 -2.2696619033813477
9025-12703 2.554440777394242 -0.5641674995422363
9025-12704 0.7026905518489778 4.164661407470703
9025-12705 0.8876226935349611 4.1036481857299805
9025-1901 1.0518086751302083 3.0631799697875977
9025-1902 0.6165283748081752 4.845152854919434
9025-3701 0.8156230326845277 1.4273386001586914
9025-3702 0.58175130369802 3.168058395385742
9025-3703 0.6662524340746997 3.7390286922454834
9025-3704 1.63918632697779 -0.6595790386199951
9025-6101 1.8188071898934604 -3.040914535522461
9025-6102 2.7502478135370576 -0.8564697504043579
9025-6103 1.364403180915447 1.201197624206543
9025-6104 0.4509847290419344 4.029764175415039
9025-9101 2.428030550205213 -0.46932104229927063
9025-9102 0.6898068629854448 6.020330905914307
9026-12701 2.407012679427285 -0.6451943516731262
9026-12702 0.841469421145091 5.871947288513184
9026-12703 1.3279232709249813 3.3259456157684326
9026-12704 2.756307002969457 -1.3823068141937256
9026-12705 1.1060135115438432 1.6297426223754883
9026-1901 3.294175682998285 0.12232375144958496
9026-1902 0.9135707789073789 0.42852383852005005
9026-3701 1.0772527360476367 0.5266944766044617
9026-3702 1.7777791068057887 -0.9585633873939514
9026-3703 0.46152396415157937 3.111985445022583
9026-3704 1.0179264114563724 2.3804736137390137
9026-6101 0.8566948520368722 3.3264172077178955
9026-6102 0.9321370763102854 7.052911758422852
9026-6103 1.40450185546875 3.6140453815460205
9026-6104 1.5667444177576013 3.4402153491973877
9026-9101 0.8338269773647721 1.9633097648620605
9026-9102 2.136771629596579 0.6389004588127136
9027-12701 0.2898064757625115 4.994830131530762
9027-12702 0.7154011091061951 6.496723175048828
9027-12703 1.4379294510882217 3.8017237186431885
9027-12704 1.2851076896709324 4.746940612792969
9027-12705 1.4007416727619333 6.5401930809021
9027-1901 0.8296508028025639 -0.17079967260360718
9027-1902 1.2788071295227668 -2.180061101913452
9027-3701 0.7926834280942265 1.9470341205596924
9027-3702 1.1225491186934022 2.3368780612945557
9027-3703 0.5318180245001197 4.967103958129883
9027-3704 2.44653926335328 -2.4902329444885254
9027-6101 1.9384838563278008 2.351412057876587
9027-6102 1.4368798711959754 2.262328624725342
9027-6103 0.7475275273803997 2.9012649059295654
9027-6104 1.2770589192708333 2.061577320098877
9027-9101 1.302972132012073 3.78412127494812
9027-9102 0.9518763785858636 5.66181755065918
9028-12701 1.4754816998198286 3.4606878757476807
9028-12702 0.6575153197332573 3.2866339683532715
9028-12703 1.8326525527263375 3.961789846420288
9028-12704 0.635948324239263 3.8156850337982178
9028-12705 1.3745987169854847 3.2875869274139404
9028-1901 2.5461180611942593 -2.744025707244873
9028-1902 1.4896786769018096 0.16488862037658691
9028-3701 2.6121002906976742 -2.179692506790161
9028-3702 1.8892419710655874 0.3386608958244324
9028-3703 2.5544033363217213 -3.571005344390869
9028-3704 2.4360263836128633 -2.102348566055298
9028-6101 0.7355270750784988 3.8970203399658203
9028-6102 3.298762457973103 -1.4725511074066162
9028-6103 2.6172938829787236 3.5614817142486572
9028-6104 2.3150146885922083 -2.645543098449707
9028-9101 0.5965610152904176 5.418628215789795
9028-9102 1.063532170820184 2.636327028274536
9029-12701 1.752802755980365 5.680233001708984
9029-12702 0.9017065438594491 3.572577476501465
9029-12703 2.5084543978230336 -0.5703705549240112
9029-12704 0.6066490043261212 3.256575345993042
9029-12705 0.8647949931309284 5.523049354553223
9029-1901 2.821455185735193 0.4217897057533264
9029-1902 1.3189955312994461 -0.43117690086364746
9029-3701 2.461111183934564 0.8180038332939148
9029-3702 1.881687629269741 -1.506034016609192
9029-3703 2.8664619803236064 -1.9173717498779297
9029-3704 2.918782866535452 -1.867442011833191
9029-6101 2.6139419904918113 0.770008385181427
9029-6102 0.5080531274732588 4.248028755187988
9029-6103 2.2001467313975547 2.069166660308838
9029-6104 1.8727762464518503 4.226741313934326
9029-9101 1.830948699885259 1.0151220560073853
9029-9102 2.5205471602048406 -1.1521968841552734
9030-12701 2.355764101547127 0.09694558382034302
9030-12702 1.2918951773318463 3.5997607707977295
9030-12703 3.0547763833481087 -1.6726975440979004
9030-12704 0.957016586618927 5.574398994445801
9030-12705 2.6263661444941655 -2.563502550125122
9030-1901 2.8159181482651654 3.4505512714385986
9030-1902 1.6252170501545788 3.654146671295166
9030-3701 2.9962850849280196 -2.279050350189209
9030-3702 0.6196035882592358 2.391460418701172
9030-3703 0.859709228515625 -1.3419368267059326
9030-3704 1.0782571580674913 -2.7761168479919434
9030-6101 2.363575057001073 -2.026378631591797
9030-6102 2.7773323455071366 -3.1409854888916016
9030-6103 2.3599498363322082 -1.211222529411316
9030-6104 0.920665968174471 5.138449192047119
9030-9101 2.657888740405702 -0.08473652601242065
9030-9102 0.9777649825082079 4.083332061767578
9031-12701 1.1885815823160495 5.8137123584747314
9031-12702 1.8988748440046863 5.157069683074951
9031-12703 1.7393138415404041 2.9738855361938477
9031-12704 1.6733007602185033 5.036398887634277
9031-12705 1.5984201094490202 3.7269885540008545
9031-1901 3.465029509171196 -0.5195587873458862
9031-1902 0.8133513132731119 0.43715786933898926
9031-3701 2.4484541756766185 -2.338307499885559
9031-3702 1.781318996263587 2.7534804344177246
9031-3703 1.9012363978794642 0.80617755651474
9031-3704 1.700032307330827 -2.219795823097229
9031-6101 2.538233263739224 -0.8615368604660034
9031-6102 1.2540887600038109 2.1671199798583984
9031-6103 1.5915845294331394 4.169404983520508
9031-6104 0.7030033777432962 3.944566011428833
9031-9101 2.636643718602246 -1.4555282592773438
9031-9102 2.5118503736413045 -0.6932620406150818
9032-12701 0.7592348294507225 2.462055206298828
9032-12702 1.2582528283812453 2.5687758922576904
9032-12703 2.2013807498607503 0.35686618089675903
9032-12704 1.3750228230762704 4.415177822113037
9032-12705 1.6657003410518236 2.1526987552642822
9032-1901 0.8440138691603535 0.9155870676040649
9032-1902 1.8365094163255669 -0.9520978927612305
9032-3701 1.0483913740749677 -1.6476153135299683
9032-3702 1.900967626633987 -1.7672489881515503
9032-3703 1.1003289828642955 3.611909866333008
9032-3704 0.47170183477126393 2.238328695297241
9032-6101 0.5982142990567617 -0.18762114644050598
9032-6102 1.8418703504428742 -1.4832218885421753
9032-6103 2.314459345143312 -1.8685331344604492
9032-6104 1.6562027591669892 2.015789747238159
9032-9101 1.0273813395012397 2.0439987182617188
9032-9102 1.0570733799452705 6.037458419799805
9033-12701 2.113221717247596 0.6884464621543884
9033-12702 2.5700190798343607 -1.8203301429748535
9033-12703 2.5743561653844065 3.3786916732788086
9033-12704 2.618546505379846 -2.215350389480591
9033-12705 0.5296624880045451 5.155364036560059
9033-1901 0.9698654672373896 2.976469039916992
9033-1902 0.6829332737107351 0.6232531070709229
9033-3701 2.3952077782672383 -0.7496554851531982
9033-3702 0.9492570936598965 1.0608795881271362
9033-3703 0.6653865500924668 1.5429673194885254
9033-3704 0.7960022636081862 4.578064918518066
9033-6101 1.406197628835002 2.2367172241210938
9033-6102 1.3979155922091484 1.775664210319519
9033-6103 2.3884607905835176 -2.201263189315796
9033-6104 2.517085393796603 -1.1787089109420776
9033-9101 2.5213220891034984 -1.178437352180481
9033-9102 0.6322311552444307 4.1789655685424805
9034-12701 0.8001885616418087 7.14769983291626
9034-12702 2.621489989544062 -1.768683910369873
9034-12703 0.9209826308513375 3.2842624187469482
9034-12704 1.9655607973136382 -1.2238794565200806
9034-12705 1.6308995582059267 0.6484390497207642
9034-1901 0.9340577821473818 0.3397190272808075
9034-1902 1.9714058676918784 -0.40571290254592896
9034-3701 2.854067507448855 -0.746703028678894
9034-3702 0.4710773149269289 6.06118106842041
9034-3703 2.591926375679348 2.2790379524230957
9034-3704 0.8249818566727312 3.835573673248291
9034-6101 2.226074612525202 0.6819326877593994
9034-6102 1.5762767975952041 4.056126594543457
9034-6103 1.9361227596507353 2.484497308731079
9034-6104 2.419994677294482 -1.7808500528335571
9034-9101 2.0597701011389042 -0.2080184519290924
9034-9102 2.6506163504464286 -0.8699581027030945
9035-12701 1.2570468342618555 6.032070636749268
9035-12702 1.932669686450021 1.5675582885742188
9035-12703 1.5090922416212316 2.1367955207824707
9035-12704 1.275713011401281 5.087059020996094
9035-12705 1.2546122731609781 6.031630992889404
9035-1901 1.8985010642373101 0.069821298122406
9035-1902 0.7926142229352678 3.7911088466644287
9035-3701 1.3698301075690955 1.8548094034194946
9035-3702 1.58335724914966 2.232429265975952
9035-3703 1.352464650988752 3.2871036529541016
9035-3704 0.7364629662555197 1.6315258741378784
9035-6101 2.0696561219262297 -0.18833059072494507
9035-6102 0.8113947687922297 1.8777941465377808
9035-6103 2.6252458707554136 -2.7101378440856934
9035-6104 1.7417160422221083 2.48500919342041
9035-9101 1.8693225812712473 -0.9914953112602234
9035-9102 1.6119246300343597 6.164777755737305
9036-12701 1.534506217558014 4.924257755279541
9036-12702 1.7841640743956986 2.3455424308776855
9036-12703 1.1796063121798661 5.8137123584747314
9036-12704 1.1054804917904946 4.223402976989746
9036-12705 1.557889039774461 7.4578938484191895
9036-1901 2.18682591120402 -2.338307499885559
9036-1902 2.0521979246164044 0.05684387683868408
9036-3701 1.7631358809882614 0.23997752368450165
9036-3702 3.2668561921296297 -0.919183611869812
9036-3703 1.3135056439568014 -2.219795823097229
9036-3704 2.2492772019255707 -1.6124188899993896
9036-6101 0.9077057326375666 3.7269885540008545
9036-6102 0.4627776305471654 4.084990501403809
9036-6103 1.5201621175814075 5.8362507820129395
9036-6104 1.3826984280543098 2.1671199798583984
9036-9101 2.1104103836034787 0.6950790882110596
9036-9102 0.4627723078573904 -0.2820141017436981
9037-12701 1.6637728221737853 6.172873497009277
9037-12702 1.1850266409667791 1.8954838514328003
9037-12703 0.4980224146110057 1.8102302551269531
9037-12704 2.702168666559768 -2.6356678009033203
9037-12705 1.96385137577101 -0.19898231327533722
9037-1901 2.37344384765625 -0.08281829953193665
9037-1902 1.2735750272676543 -2.225504159927368
9037-3701 1.450158355432913 0.9685391783714294
9037-3702 1.5386523567189574 -0.9218056797981262
9037-3703 2.60495113249748 -0.6528212428092957
9037-3704 2.403057599628285 -0.5869698524475098
9037-6101 1.0829902918198528 4.578597068786621
9037-6102 2.340136999371408 2.6979475021362305
9037-6103 1.6121585852231775 -2.4554669857025146
9037-6104 1.8307369290865385 -1.3028432130813599
9037-9101 1.8939960349413723 3.401094436645508
9037-9102 0.9521092839724247 7.0068769454956055
9038-12701 2.5218708509539733 0.3286799490451813
9038-12702 1.115912806867529 -1.3873003721237183
9038-12703 0.8119616019061584 3.5196311473846436
9038-12704 1.7742390160421724 5.289126396179199
9038-12705 1.9393099072094984 5.71781587600708
9038-1901 1.106589869449013 0.5524778962135315
9038-1902 2.5866312773331352 -1.083978295326233
9038-3701 0.7719995214584026 7.825153350830078
9038-3702 0.8643347280254189 2.228111743927002
9038-3703 2.3772415364583335 -1.5872572660446167
9038-3704 2.8099404946074964 0.0002568662166595459
9038-6101 2.9136848418049794 -2.788317918777466
9038-6102 2.5637268462738434 1.018188714981079
9038-6103 1.2669972284602733 5.410887241363525
9038-6104 1.178366983559237 5.035778522491455
9038-9101 1.7794195001775568 6.293782711029053
9038-9102 1.522562083420575 6.538251876831055
9039-12701 2.5577557939735542 -2.0281012058258057
9039-12702 2.2748397133846 -0.6682412624359131
9039-12703 2.4590000958221543 -1.3706105947494507
9039-12704 1.1196764863718052 3.2861196994781494
9039-12705 2.586691258534664 -0.8064385056495667
9039-1901 2.6366470786905163 -1.98629629611969
9039-1902 0.9755981279456097 -2.187065362930298
9039-3701 2.200977960375749 -1.280140995979309
9039-3702 2.5105712220829046 -2.4023823738098145
9039-3703 2.0582931806456366 -2.3509206771850586
9039-3704 2.271821743104516 -1.8426605463027954
9039-6101 2.4874863409428833 -2.407111883163452
9039-6102 0.489141361297123 -0.10651829838752747
9039-6103 2.738482719089674 -2.4234001636505127
9039-6104 1.9976883237564536 -1.7391709089279175
9039-9101 1.2881737668810576 5.009295463562012
9039-9102 2.1380101182725695 0.24964465200901031
9040-12701 1.3558510710249134 2.808689594268799
9040-12702 2.1901240028905318 -0.010656148195266724
9040-12703 1.570179108198462 5.652786731719971
9040-12704 1.6079658374451755 2.9593658447265625
9040-12705 0.8557253715175616 3.659799814224243
9040-1901 1.211416210184367 -0.33299216628074646
9040-1902 0.6817133731692641 -0.6234474778175354
9040-3701 2.414641876012534 -3.1143016815185547
9040-3702 2.067956688869522 -1.21705162525177
9040-3703 1.856542571773374 -0.5556747317314148
9040-3704 1.3193282340336772 2.1631710529327393
9040-6101 0.41240174620301573 0.6815505027770996
9040-6102 0.9898046232027014 2.2324507236480713
9040-6103 2.3488006591796875 3.887801170349121
9040-6104 0.44272828140879067 0.6390625238418579
9040-9101 2.634695756681855 -2.584803581237793
9040-9102 1.384452976875677 2.1185927391052246
9041-12701 0.44518287469816675 4.856540679931641
9041-12702 0.49113690476190475 4.630063056945801
9041-12703 1.2133000209572913 4.439029216766357
9041-12704 2.2704643548994365 -0.8874157071113586
9041-12705 2.2612350561349115 1.1225767135620117
9041-1901 2.125537844738328 0.28512042760849
9041-1902 2.3343403357585877 4.01923942565918
9041-3701 2.3624928651423995 -2.4134840965270996
9041-3702 0.40743958163701766 4.67917013168335
9041-3703 2.624276816940922 -1.3205318450927734
9041-3704 0.5020577831586684 3.5743308067321777
9041-6101 1.6311714521100642 0.1566944718360901
9041-6102 0.7635851200048116 4.294981002807617
9041-6103 2.2863443492895468 -1.448174238204956
9041-6104 0.7136496519431089 1.9759358167648315
9041-9101 1.0590685350273308 3.365673542022705
9041-9102 0.3548616383734082 5.251001834869385
9042-12701 1.6972712307625692 4.975985050201416
9042-12702 1.1382833884580292 3.470310688018799
9042-12703 1.0036573132614752 2.474632740020752
9042-12704 2.427272798235696 0.3249172568321228
9042-12705 2.3802086128703306 -2.260549545288086
9042-1901 2.704947755289483 -2.772867441177368
9042-1902 nan 3.8368539810180664
9042-3701 2.747442146289933 -0.7609817385673523
9042-3702 2.463108308684842 -1.9955031871795654
9042-3703 3.008326662601732 -2.255187749862671
9042-3704 3.24714069727571 -2.75539493560791
9042-6101 2.1092779392149392 3.2509050369262695
