2D_RC/main/cross_table
# %ECSV 0.9
# ---
# datatype:
# - {name: galaxy_ID, datatype: string}
# - {name: smoothness, datatype: float64}
# - {name: DL_ttype, datatype: float64}
# schema: astropy-2.0
galaxy_ID smoothness DL_ttype
[from data line 872]
10507-3704 0.4931241894661981 4.760082244873047
10507-6101 1.6433786037748894 0.5091778635978699
10507-6102 0.6162976792279412 5.412100791931152
10507-6103 1.5406571551067074 1.4916852712631226
10507-6104 0.5784191004636737 -2.653059720993042
10507-9101 0.71147176172084 6.686654090881348
10507-9102 0.5060039872481417 4.342608451843262
10508-12701 0.6186654755563447 5.186155796051025
10508-12702 0.9123800893930288 5.145210266113281
10508-12703 0.7841338263303539 4.72027587890625
10508-12704 1.245154786680541 6.314370632171631
10508-12705 1.49443359375 2.7814273834228516
10508-1901 0.7977399262180671 1.9151564836502075
10508-1902 1.791409535269624 2.6497881412506104
10508-3701 1.711918233102004 -3.1731302738189697
10508-3703 2.894069304619169 -2.1306238174438477
10508-3704 2.7161825801549333 -1.5151536464691162
10508-6101 1.0923261703199643 -1.015150785446167
10508-6102 2.5001580198220066 -1.5289002656936646
10508-6103 1.0352618083861715 3.611050605773926
10508-6104 0.7778267281954405 3.8319172859191895
10508-9101 2.692201527969613 -2.8961052894592285
10508-9102 2.285956419159544 0.008107692003250122
10509-12701 0.9431171417236328 6.458856582641602
10509-12702 0.8570443569825141 3.310720920562744
10509-12703 0.34579438537732593 4.1267876625061035
10509-12704 2.801790990841179 -0.8366582989692688
10509-12705 1.692742411100173 -0.44811928272247314
10509-1901 0.8858077291379939 1.0262746810913086
10509-1902 0.6763713271529587 5.50358247756958
10509-3701 0.9765082813502889 3.863417148590088
10509-3702 2.884504988386824 -1.0470736026763916
10509-3703 0.8820746161720969 6.479671478271484
10509-3704 0.7568869850852272 3.8439652919769287
10509-6101 0.7432218576947941 5.438192367553711
10509-6102 1.0832751190634682 4.9709086418151855
10509-6103 0.9972815806471457 5.357304096221924
10509-6104 0.70963134765625 4.365712642669678
10509-9101 0.559948704688325 2.81085205078125
10509-9102 3.0526034701463183 -2.3971078395843506
10510-12701 2.538916407818775 -2.308429718017578
10510-12702 2.596047794117647 0.44688087701797485
10510-12703 1.1629294278526587 4.964545249938965
10510-12704 0.3631510583491544 4.507183074951172
10510-12705 2.28482641379353 -1.2389914989471436
10510-1901 1.9697176221390844 -2.029418468475342
10510-1902 nan 4.344135284423828
10510-3701 2.701992392373252 -1.1284232139587402
10510-3702 2.611289309179978 -1.9930790662765503
10510-3703 2.767797300869361 -2.953244686126709
10510-3704 0.654660994523055 1.583787441253662
10510-6101 0.92774450693336 3.1776249408721924
10510-6102 2.4198511709081063 -1.7128139734268188
10510-6103 0.541353271484375 3.0666918754577637
10510-6104 2.5746700150393953 -1.5657833814620972
10510-9101 2.052403173174811 5.948004245758057
10510-9102 1.6213974636577297 -1.280240774154663
10511-12701 1.6674654707949386 5.330336093902588
10511-12702 2.386805108252992 -0.36622855067253113
10511-12703 1.7298870629312633 0.5753099918365479
10511-12704 0.6276186390206139 4.069568157196045
10511-12705 0.3793495556355913 5.655663013458252
10511-1901 0.7537503434129359 3.110377311706543
10511-1902 2.26004638671875 -1.2829999923706055
10511-3701 0.6886485566381558 5.154144287109375
10511-3702 2.861358019770408 -0.9040393829345703
10511-3703 0.4929279628930756 2.5568127632141113
10511-3704 1.4183622572157117 3.2141761779785156
10511-6101 1.1831294273262594 4.761518955230713
10511-6102 1.8315396090166285 -1.705060362815857
10511-6103 1.7082235057736432 -2.239927053451538
10511-6104 2.264680183339783 -2.5028018951416016
10511-9101 2.4114194476683757 -1.5185012817382812
10511-9102 2.4852260647273217 -1.1535046100616455
10512-12701 0.6178957755915516 4.880181789398193
10512-12702 1.0321137336687853 3.2148802280426025
10512-12703 2.2134981752601126 3.4407262802124023
10512-12704 1.1301815152313592 3.5346362590789795
10512-12705 0.6553504049687262 6.524847030639648
10512-1901 2.1409980295789337 -1.311268925666809
10512-1902 1.4963929549507473 -2.0249741077423096
10512-3701 2.5285055343056517 -1.5424225330352783
10512-3702 0.7440895008298799 3.4540932178497314
10512-3703 0.6855948959124072 4.601597785949707
10512-3704 2.88088781685284 -2.0681941509246826
10512-6101 1.7960771343298556 -0.7889721989631653
10512-6102 1.1020578704566926 1.3534942865371704
10512-6103 0.6276362150618173 3.9477436542510986
10512-6104 0.5182843413044008 4.597947120666504
10512-9101 1.508424087223628 1.961270809173584
10512-9102 1.0897400609314671 4.789433002471924
10513-12701 2.462844700374077 -1.344760775566101
10513-12702 0.9312637234048644 5.59022331237793
10513-12703 1.6409493344248292 2.7941346168518066
10513-12704 2.594340952967994 2.3052351474761963
10513-12705 1.2954427295537267 5.727833271026611
10513-1901 3.0668833139780407 -0.5711619555950165
10513-1902 1.9494502001469678 -0.9574015140533447
10513-3701 0.5225752101952619 0.9101542830467224
10513-3702 1.7600938087982656 4.861726999282837
10513-3703 0.977794791074041 4.265509605407715
10513-3704 2.0936916459746446 -2.2008867263793945
10513-6101 2.452337566174959 0.5275890231132507
10513-6102 2.1547744029108893 -0.8250787258148193
10513-6103 0.9381423749421772 5.902975082397461
10513-6104 1.9895942432287608 0.13252821564674377
10513-9101 1.7774426974416486 2.468916893005371
10513-9102 2.566341371648212 -1.2468116283416748
10514-12701 0.8256252901407954 5.0332207679748535
10514-12702 0.7911070283074388 7.667757987976074
10514-12703 0.8816671061987131 6.421082496643066
10514-12704 1.0258615129290352 5.305310249328613
10514-12705 1.668347887405666 4.238431930541992
10514-1901 2.6138038409532176 -0.9048138856887817
10514-1902 2.5254277096518987 -0.012441158294677734
10514-3701 0.9986380750127899 5.331189155578613
10514-3702 2.6784379723061877 -1.7296035289764404
10514-3703 1.6966692815061475 1.8563847541809082
10514-3704 3.0357730966964986 -2.670283794403076
10514-6101 1.9677844968616454 1.5094611644744873
10514-6102 1.951492893949468 -1.4820572137832642
10514-6103 0.7297506632585502 2.9874610900878906
10514-6104 1.4997099741028945 -0.2507730722427368
10514-9101 0.9569967731204952 6.079685211181641
10514-9102 0.6463237392248483 -0.11222738027572632
10515-12701 1.1070049890325084 3.5928616523742676
10515-12702 1.5304230317189789 1.0201046466827393
10515-12703 2.683597800598605 -1.331300139427185
10515-12704 0.6769311665276643 6.262436866760254
10515-12705 1.567262932682504 4.020854949951172
10515-1901 0.7294440540840955 5.240324974060059
10515-1902 0.755358643792755 -1.6606284379959106
10515-3701 0.5813630511046974 5.653993606567383
10515-3702 1.9776657362443109 -1.865372657775879
10515-3703 1.4301617447411983 5.669356346130371
10515-3704 1.0289427272936436 1.015946388244629
10515-6101 2.4289322916666665 -2.254601240158081
10515-6102 2.1876980837205235 -0.36847445368766785
10515-6103 2.4024592553463564 -2.055846691131592
10515-6104 1.9121359940754679 0.8065937161445618
10515-9101 1.4881290584415585 5.221427917480469
10515-9102 0.5981390513133708 4.945207595825195
10516-12701 1.1765186077019374 3.1479740142822266
10516-12702 4.1557165244879615 -1.8022539615631104
10516-12703 1.567761413824249 3.0391831398010254
10516-12704 0.9812690489969136 4.622025489807129
10516-12705 1.4055549385257744 7.319636821746826
10516-1901 0.612641131291624 5.892220497131348
10516-1902 0.6301150257696682 2.412781000137329
10516-3701 1.1674411961289703 0.6073947548866272
10516-3702 0.6680563275817292 3.985299587249756
10516-3703 7.2578718855574325 -1.950613021850586
10516-3704 0.6223916994219183 3.714855194091797
10516-6101 3.9089583605735703 -0.9330347180366516
10516-6102 0.9032281469628514 6.223079681396484
10516-6103 2.291927960330824 -1.4575319290161133
10516-6104 0.7073201848723263 3.6160926818847656
10516-9101 3.759510888760172 3.6291515827178955
10516-9102 0.7501110639728483 7.428000450134277
10517-12701 1.5174358499461207 5.470647811889648
10517-12702 nan nan
10517-12703 0.8580481251449443 4.289715766906738
10517-12704 2.2965794232195846 -0.22020909190177917
10517-12705 2.62697680055883 -1.619783878326416
10517-1901 0.8686876345903446 3.0773513317108154
10517-1902 0.850743719872008 0.803483247756958
10517-3701 0.7099518385914825 2.0930638313293457
10517-3702 0.727059615285773 2.601813554763794
10517-3703 3.0542581017498236 0.1702016294002533
10517-3704 0.4163471911446481 3.887524366378784
10517-6101 1.8890492943969115 -0.38726601004600525
10517-6102 0.7553896530294867 2.9930715560913086
10517-6103 2.8174365280482765 -1.03127920627594
10517-6104 1.2010859945036483 4.501737594604492
10517-9101 1.0277945800523853 5.207490921020508
10517-9102 1.6159087602763471 0.12809810042381287
10518-12701 2.4377723532500943 -1.7503092288970947
10518-12702 0.8717667958839254 2.2900304794311523
10518-12703 1.246804135865222 4.833520412445068
10518-12704 2.256142804722586 -1.4049880504608154
10518-12705 0.30474970171350974 5.006252765655518
10518-1901 1.7771446377623314 -1.6422417163848877
10518-1902 0.5561570295198696 1.8663045167922974
10518-3701 1.79556298828125 3.6837823390960693
10518-3702 2.4176839192708335 -1.4203801155090332
10518-3703 0.9956794402338194 4.660884380340576
10518-3704 1.3470242005175033 2.0970728397369385
10518-6101 2.6190124558632784 -2.5424258708953857
10518-6102 0.6715677403173606 2.174149751663208
10518-6103 0.6978624584056713 3.874715566635132
10518-6104 1.9388374910872344 1.7454692125320435
10518-9101 1.2466626716382576 2.487349033355713
10518-9102 0.6541294311394535 1.4165325164794922
10519-12701 0.6796904289665237 3.131826639175415
10519-12702 1.4706618088942307 4.691111087799072
10519-12703 2.4888936289952683 -1.9137083292007446
10519-12704 0.35865523203300104 5.716741561889648
10519-12705 0.6093305859229081 4.945788860321045
10519-1901 1.6583816609918114 0.17702069878578186
10519-1902 2.6744568730743836 -0.9362354874610901
10519-3701 2.8455252213911577 -2.5515871047973633
10519-3702 2.314995316345816 -2.381272077560425
10519-3703 2.4605938436618477 -2.748823881149292
10519-3704 2.6876035141696164 -1.8714486360549927
10519-6101 nan 6.1228437423706055
10519-6102 0.4209752315335232 4.3292388916015625
10519-6103 2.83505338705657 -1.8501838445663452
10519-6104 1.7224469581591557 -0.038850411772727966
10519-9101 2.0391744194762795 -0.2375030666589737
10519-9102 0.48563940888406837 1.7503043413162231
10520-12701 0.6836995472430835 4.976111888885498
10520-12702 2.5401202012240356 -0.9228137135505676
10520-12703 1.417709097937524 4.237697601318359
10520-12704 0.5136790068878392 5.434943199157715
10520-12705 1.2596782363463785 3.403420925140381
10520-1901 2.200551852932224 -1.4155534505844116
10520-1902 2.0114264322916666 -0.44755223393440247
10520-3701 0.9153523141797869 2.5547735691070557
10520-3702 2.136665416702001 1.1448962688446045
10520-3703 1.7577469622502562 -0.9849095940589905
10520-3704 1.789292018474512 -1.6802064180374146
10520-6101 0.8579692379000781 2.459541082382202
10520-6102 0.6456881999969483 5.15335750579834
10520-6103 1.4690861480472173 2.83437442779541
10520-6104 0.34681306237840465 5.47766637802124
10520-9101 1.0329069203479564 3.584764003753662
10520-9102 0.6069113817901134 2.7875077724456787
10837-12701 1.579214002531983 4.5753936767578125
10837-12702 2.495776015837709 -1.4882762432098389
10837-12703 1.0074213519749426 2.357807159423828
10837-12704 1.1609018439431904 5.932317733764648
10837-12705 2.8272033847506393 -1.647124171257019
10837-1901 2.216198189436894 -2.021725654602051
10837-1902 0.5547373254871901 3.69031023979187
10837-3701 0.462458005515478 3.2996773719787598
10837-3702 2.2613567310375173 -0.4625082314014435
10837-3703 2.770857634367766 -1.302777886390686
10837-3704 2.416374107745054 -1.5515071153640747
10837-6101 2.359376693950564 -1.465760588645935
10837-6102 2.5727932309144297 -0.457679808139801
10837-6103 2.3464241365959912 -0.939651608467102
10837-6104 2.3948987376181616 -2.471791982650757
10837-9101 2.116282156132266 -0.3732250928878784
10837-9102 0.9517513843292885 -0.21283301711082458
10838-12701 0.8318575414394703 7.394153594970703
10838-12702 2.512286928447703 -1.4504798650741577
10838-12703 1.6589727323917725 5.948478698730469
10838-12704 1.6175153555114412 6.740952014923096
10838-12705 1.657362415783447 3.165310859680176
10838-1901 1.9635067588404604 -1.6490522623062134
10838-1902 1.7057011505293715 0.11331778764724731
10838-3701 2.162813008224226 -1.3491581678390503
10838-3702 0.6465456498230939 5.095777988433838
10838-3703 1.891673159882761 -1.920682430267334
10838-3704 2.525038600612331 -1.1784337759017944
10838-6101 1.53074013671875 7.112308025360107
10838-6102 1.2013335920806625 3.160677671432495
10838-6103 1.0393017578125 7.050208568572998
10838-6104 1.479728758615826 -3.037893295288086
10838-9101 1.0304715815278673 4.480475902557373
10838-9102 1.07717251852702 5.132620811462402
10839-12701 1.4220027285868635 7.447699546813965
10839-12702 1.742461091636133 1.5132887363433838
10839-12703 2.575501322420441 -1.3436362743377686
10839-12704 1.183286253335557 5.0473480224609375
10839-12705 0.4302252079367106 3.612701892852783
10839-1901 2.4142549325569704 0.8747218251228333
10839-1902 0.6884035177307951 1.948069453239441
10839-3701 2.1921472151539367 -1.8466295003890991
10839-3702 2.8538986076376593 -1.8349522352218628
10839-3703 2.649271449061196 -1.41122567653656
10839-3704 0.6754301851574039 3.5757594108581543
10839-6101 1.2718840521897095 1.938717007637024
10839-6102 2.4190344559518913 -2.2124972343444824
10839-6103 1.8037423185504244 -0.0850682258605957
10839-6104 1.2404060542304505 -1.6253758668899536
10839-9101 1.568935166396104 3.498093843460083
10839-9102 2.6363608024903686 -0.7979931235313416
10840-12701 2.3820985473921397 -1.7462881803512573
10840-12702 1.2598001398712895 2.874274969100952
10840-12703 1.5824155767813801 3.951810836791992
10840-12704 1.4736422025240385 1.0199763774871826
10840-12705 0.5037149173638832 2.381570816040039
10840-1901 2.0680491564280628 1.1393216848373413
10840-1902 0.6245032067776952 0.8201478123664856
10840-3701 1.4910700617609798 0.06701570749282837
10840-3702 1.895504500514777 -3.2036945819854736
10840-3703 1.4723063891823798 2.011723518371582
10840-3704 1.056573418699143 4.6725053787231445
10840-6101 3.043169228195844 -0.11683250963687897
10840-6102 2.370147451188124 -0.7572331428527832
10840-6103 2.4412782598897365 -1.041495680809021
10840-6104 2.669651314733906 -1.8088935613632202
10840-9101 1.2268620127255154 2.249539375305176
10840-9102 2.529454357013988 0.8335861563682556
10841-12701 0.41820302680815813 3.3581488132476807
10841-12702 1.3790553157576322 0.6318265795707703
10841-12703 2.4156631870653014 -1.779340147972107
10841-12704 2.757154749330173 -2.2817859649658203
10841-12705 1.851822928799385 2.9726767539978027
10841-1901 2.490439849374182 0.5926464200019836
10841-1902 1.5672655081568798 -1.0654230117797852
10841-3701 1.9067843640185742 3.3176848888397217
10841-3702 1.0275355864336146 5.0114312171936035
10841-3703 1.156857537029603 -1.431414246559143
10841-3704 1.8623539147649864 -0.44982853531837463
10841-6101 2.2048083167787285 -0.6904269456863403
10841-6102 1.9747767497583764 -1.0981625318527222
10841-6103 1.6406908290106275 -1.0372127294540405
10841-6104 1.365710154461126 6.201148509979248
10841-9101 2.668139227505388 -2.675567150115967
10841-9102 2.6633038597899827 -1.936558723449707
10842-12701 1.6483045305524553 3.3953988552093506
10842-12702 1.3573383136488137 2.8058600425720215
10842-12703 1.0313630098834552 3.94176983833313
10842-12704 0.6715235754432324 4.275015830993652
10842-12705 0.586832505448069 3.5803303718566895
10842-1901 0.6139225144460412 1.0028750896453857
10842-1902 nan 0.5219934582710266
10842-3701 2.635755254181338 -2.090829372406006
10842-3702 0.6040711090007792 3.9667301177978516
10842-3703 0.43614856402079266 5.481890678405762
10842-3704 1.7246020948010576 -1.540650486946106
10842-6101 2.6360828912080225 0.025545626878738403
10842-6102 0.781914641467407 0.9968051910400391
10842-6103 0.6391347804791098 0.17005299031734467
10842-6104 2.575244016274936 -2.0906283855438232
10842-9101 0.4217118357884065 5.014673233032227
