2D_RC/main/cross_table
# %ECSV 0.9
# ---
# datatype:
# - {name: galaxy_ID, datatype: string}
# - {name: smoothness, datatype: float64}
# - {name: DL_ttype, datatype: float64}
# schema: astropy-2.0
galaxy_ID smoothness DL_ttype
[from data line 3763]
12485-3702 1.7610688815735582 0.6531807780265808
12485-3703 1.9381304852374188 -2.591461420059204
12485-3704 1.8698482513427734 -1.2775678634643555
12485-6101 2.3550638966746145 -2.2281851768493652
12485-6102 0.8926327154503105 4.581480503082275
12485-6103 2.3845845191229524 -1.8439522981643677
12485-6104 1.3387056676352895 -2.931532382965088
12485-9101 2.6121651382974886 1.340093970298767
12485-9102 1.5766388825855808 6.847893238067627
12487-12701 0.923525288237753 6.8136887550354
12487-12702 2.44589240884352 -0.29016175866127014
12487-12703 2.556012415087909 -2.546560049057007
12487-12704 1.4336179157191413 3.5244970321655273
12487-12705 0.6245293096683951 2.2362523078918457
12487-1901 1.7608370071291612 2.7657418251037598
12487-1902 0.7569838714599609 1.728284239768982
12487-3701 1.5458093339470542 2.9344754219055176
12487-3702 1.2426072147634157 0.4485056400299072
12487-3703 1.599352758883813 2.499011754989624
12487-3704 1.8846810062981387 -0.17816010117530823
12487-6101 1.4404623286625293 1.1950562000274658
12487-6102 1.4649636190445696 5.681396961212158
12487-6103 1.1853649827683008 1.2466708421707153
12487-6104 1.1501179401139567 2.113112449645996
12487-9101 2.0306186604512586 2.790773868560791
12487-9102 3.8002838497453313 -0.4263770878314972
12488-12701 1.1664489053636549 6.846968650817871
12488-12702 1.5733729221899937 5.312704086303711
12488-12703 0.7419310320774323 7.693937301635742
12488-12704 0.7371218090965634 4.4904704093933105
12488-12705 1.5239156162871748 1.5315965414047241
12488-1901 1.2117511146946958 1.407905101776123
12488-1902 0.8450236723273586 6.66919469833374
12488-3701 1.0498582440402668 -0.6278894543647766
12488-3702 1.403542147410826 5.128734111785889
12488-3703 1.8777820484058276 0.6699745059013367
12488-3704 3.0175887563180406 -0.9761750102043152
12488-6101 2.006029617893104 0.6538859605789185
12488-6102 1.51143063562682 2.6829545497894287
12488-6103 2.3621607626638106 -1.3230865001678467
12488-6104 1.1242743598090277 6.679758071899414
12488-9101 0.5262690781923843 6.157217979431152
12488-9102 0.48806127444470776 5.51688289642334
12489-12701 1.4009315857320943 5.048722743988037
12489-12702 1.0512816968077576 4.889462471008301
12489-12703 0.49945490787504676 3.9141480922698975
12489-12704 2.2875148382287986 0.4941507875919342
12489-12705 0.854107122410513 3.8074448108673096
12489-1901 1.6376818033854166 -0.15709805488586426
12489-1902 0.5754365895452832 3.6433157920837402
12489-3701 0.5447654309480087 5.7894721031188965
12489-3702 1.2150796630523555 2.1850876808166504
12489-3703 0.530011682702391 0.9889042973518372
12489-3704 2.7582685926805657 1.3967623710632324
12489-6101 1.0132594517299107 3.3388407230377197
12489-6102 0.9430544439467221 3.3073954582214355
12489-6103 0.5615349326949123 4.1857991218566895
12489-6104 2.6563691227362614 -2.5400466918945312
12489-9101 1.1060275407124471 3.4587175846099854
12489-9102 2.50695079518534 -1.8530654907226562
12490-12701 2.0558489935958972 3.2612123489379883
12490-12702 1.7884542440651825 3.1499762535095215
12490-12703 1.8073824009219348 6.940765857696533
12490-12704 1.4583987002185819 6.707027435302734
12490-12705 2.574148013078471 -1.738935947418213
12490-1901 2.110800823762049 -1.5107046365737915
12490-1902 2.7017022837763247 -2.0282723903656006
12490-3701 0.6353055168600643 2.837136745452881
12490-3702 1.1165458845055622 4.602485656738281
12490-3703 0.7191424395586993 2.795295238494873
12490-3704 1.5902055832435344 1.4358716011047363
12490-6101 0.8396123572240902 5.410378456115723
12490-6102 0.6270556912323629 -2.046311855316162
12490-6103 1.2529417462677126 6.82118034362793
12490-6104 0.6060412578249205 3.775339365005493
12490-9101 1.7816013931539016 5.229641437530518
12490-9102 1.5485749617866849 3.223743200302124
12491-12701 1.4072551800598097 4.350574493408203
12491-12702 1.5670019403761424 5.219761848449707
12491-12703 1.0560432836247113 5.035833835601807
12491-12704 0.8252502765814825 6.362034320831299
12491-12705 2.3799599498358486 -1.6454154253005981
12491-1901 1.575690069628647 -1.6110328435897827
12491-1902 2.743929822905725 -2.693934917449951
12491-3701 2.3915518159776648 -0.6050859689712524
12491-3702 2.0372898991729196 -0.7686086297035217
12491-3703 1.1755790762491474 -1.0638331174850464
12491-3704 2.2848218388918067 0.47772225737571716
12491-6101 0.6689439231597086 -0.09552794694900513
12491-6102 2.568866575638912 -1.8129773139953613
12491-6103 1.8405992402805118 4.237621784210205
12491-6104 1.251532318395212 -0.1931203454732895
12491-9101 1.5083118312782882 4.345489025115967
12491-9102 0.9886184244791667 4.4679789543151855
12495-12701 1.8071088181008146 2.155763626098633
12495-12702 2.2666753842799876 2.036073923110962
12495-12703 1.517714184531986 2.0297555923461914
12495-12704 1.5394042699427744 6.64215087890625
12495-12705 2.232294249562427 -1.5912548303604126
12495-1901 0.9247238028015312 -1.5303113460540771
12495-1902 0.6550142573214125 -0.45017945766448975
12495-3701 1.2664980412219609 5.7953782081604
12495-3702 1.5677262763380158 5.440804481506348
12495-3703 1.4365689977370308 5.439401149749756
12495-3704 2.538628756910607 -2.5157241821289062
12495-6101 0.5444387903175201 4.120092391967773
12495-6102 0.567728077053828 3.948148250579834
12495-6103 1.3589614214392178 2.9760921001434326
12495-6104 1.442295402423289 4.563030242919922
12495-9101 2.1121933476357064 0.7847515940666199
12495-9102 1.37935629961082 3.88629150390625
12506-12701 0.5327691541025305 5.114903926849365
12506-12702 2.728724765314843 -2.0332210063934326
12506-12703 0.9799639813311688 6.947901248931885
12506-12704 2.759511998338446 -2.14552640914917
12506-12705 2.374088141436134 -1.11831796169281
12506-1901 2.7322802597217346 -0.5140452980995178
12506-1902 3.084533913352273 -1.904598593711853
12506-3701 2.279015331215181 -0.16407090425491333
12506-3702 2.850721632553262 -1.7775473594665527
12506-3703 1.813057465986772 3.0399913787841797
12506-3704 2.812237884620247 3.4875924587249756
12506-6101 1.8083209742886621 4.3365159034729
12506-6102 1.191815702456993 0.7712337374687195
12506-6103 0.8424024936263126 7.006659507751465
12506-6104 2.5254642071048323 -2.465843439102173
12506-9101 2.887952521479623 -0.066354900598526
12506-9102 3.2951212834575054 -1.5371168851852417
12510-12701 0.8059734639658923 6.374859809875488
12510-12702 1.0532143918321883 5.1837568283081055
12510-12703 1.3458695845170454 6.543422222137451
12510-12704 1.6626772447735612 3.9793083667755127
12510-12705 1.1404206875929022 4.951053142547607
12510-1901 3.6101248604910716 0.7565213441848755
12510-1902 0.7852898306645472 2.1196448802948
12510-3701 0.38285255684757863 2.7463998794555664
12510-3702 0.5478354571475389 5.458367824554443
12510-3703 2.8653079562717014 -0.6247313618659973
12510-3704 1.2436220811934193 4.192063808441162
12510-6101 2.671628397828827 -2.1711201667785645
12510-6102 1.5522658303519277 2.257246732711792
12510-6103 2.3680116995546685 -1.9355669021606445
12510-6104 0.7685453082443378 3.057574510574341
12510-9101 0.4323189432549942 5.670219421386719
12510-9102 0.5175695384268373 4.020195007324219
12511-12701 1.0107593481091486 3.719874143600464
12511-12702 2.6583451486327325 -1.462682843208313
12511-12703 0.7407087311921297 5.347045421600342
12511-12704 0.834030700588077 6.853676795959473
12511-12705 0.7132367381733425 4.536405563354492
12511-1901 1.208787033238362 -3.2730939388275146
12511-1902 2.7443020891945116 -1.7206261157989502
12511-3701 0.7409408329669094 2.318192720413208
12511-3702 0.5975619372779393 3.1054742336273193
12511-3703 0.6629602405726532 3.091419219970703
12511-3704 2.5377847422724185 -1.0500240325927734
12511-6101 1.361989402770996 0.8741018176078796
12511-6102 2.5247174585254073 -1.8784077167510986
12511-6103 1.2877136815470247 5.477211952209473
12511-6104 0.9649340392677648 7.344776153564453
12511-9101 1.2505555810117301 6.122412204742432
12511-9102 0.8142449869791667 4.253997325897217
12512-12701 1.5954601155284749 0.8283589482307434
12512-12702 0.7585598894894438 4.332834243774414
12512-12703 1.3103800535670431 4.57330322265625
12512-12704 2.4664657329277864 -2.8351714611053467
12512-12705 2.633551826654179 -1.668159008026123
12512-1901 2.357129104738313 -0.70261150598526
12512-1902 2.1850050424684944 -0.6409953832626343
12512-3701 1.3725003629117398 2.0126640796661377
12512-3702 2.8586273848243025 -0.19461724162101746
12512-3703 1.2443293968625664 -1.3682854175567627
12512-3704 1.43852685546875 1.6867636442184448
12512-6101 0.5651191350491945 2.143374443054199
12512-6102 2.4626381219977027 -2.0291731357574463
12512-6103 2.206808415482386 -2.0985701084136963
12512-6104 1.5326328214220826 1.9749720096588135
12512-9101 1.191914707112461 3.1093590259552
12512-9102 1.5759021862903764 0.5079051852226257
12514-12701 0.6690962717381302 5.867197036743164
12514-12702 0.6048910556244235 5.479827404022217
12514-12703 1.2962149737507473 5.914020538330078
12514-12704 1.294184058516289 5.456525802612305
12514-12705 0.9414641305301966 6.437690734863281
12514-1901 3.2178936638500755 1.6767724752426147
12514-1902 0.6314917625264919 4.628213405609131
12514-3701 1.665350202894913 -1.518820881843567
12514-3702 1.128118776807598 0.3118388056755066
12514-3703 2.666851414212124 -1.8545030355453491
12514-3704 2.5298656900074294 1.522836446762085
12514-6101 2.488039025706436 -1.2528303861618042
12514-6102 2.0177870777454454 -2.1015403270721436
12514-6103 1.471414005055147 -0.35153719782829285
12514-6104 2.4088234066865244 -1.470291018486023
12514-9101 0.47308452894673786 3.9593820571899414
12514-9102 0.47340463593707516 5.283344745635986
12518-12701 1.5281142197646105 2.9904518127441406
12518-12702 1.680978342326139 4.905216693878174
12518-12703 1.6134304262777566 4.380876064300537
12518-12704 2.3332298330012584 -1.0279903411865234
12518-12705 0.5426695877678918 4.433363437652588
12518-1901 1.5251348586309523 0.6418249607086182
12518-1902 0.6337761916911887 0.5830329656600952
12518-3701 0.9500548513312089 5.563499450683594
12518-3702 2.2046262801431395 -0.630192756652832
12518-3703 1.5168692991905606 0.6388756632804871
12518-3704 0.9237208348445342 3.707284688949585
12518-6101 0.706859391676802 3.8222460746765137
12518-6102 2.040118873933233 -1.2072417736053467
12518-6103 0.6720155876766893 5.104734420776367
12518-6104 2.300796017343382 -0.9818201661109924
12518-9101 0.3286956914531413 4.494680404663086
12518-9102 1.9501482833059212 3.916046142578125
12620-12701 1.4773850166031712 3.5935537815093994
12620-12702 0.6456316002030498 3.467311143875122
12620-12703 1.3522420799750188 4.742884159088135
12620-12704 0.47748447344961686 6.329627990722656
12620-12705 1.8985738614710366 2.8032963275909424
12620-1901 2.9661730750132413 -0.6778278946876526
12620-1902 2.609973211973412 -0.11378082633018494
12620-3701 1.1212566473281882 3.4897513389587402
12620-3702 1.7958660412747949 -2.485844612121582
12620-3703 0.5020122603864859 2.582364082336426
12620-3704 1.5734767475050744 1.5107656717300415
12620-6101 0.6542155108874357 4.2474517822265625
12620-6102 0.6907801616622741 5.995755672454834
12620-6103 0.7571110562543437 -0.891503632068634
12620-6104 0.7837820327320038 4.754083156585693
12620-9101 0.9895501641488942 3.7186009883880615
12620-9102 2.0630054116312935 1.5680947303771973
12621-12701 1.6255361616394561 3.6904592514038086
12621-12702 nan 7.506284236907959
12621-12703 0.9795449672454571 3.098167896270752
12621-12704 2.4767332880574395 -0.5729258060455322
12621-12705 0.42415150903456705 6.033068656921387
12621-1901 0.9879274265740507 1.3433984518051147
12621-1902 1.3909566083292322 0.7949860095977783
12621-3701 2.711175971176524 -1.4276127815246582
12621-3702 1.336004181946216 0.07254195213317871
12621-3703 1.2054534952637368 -0.14281708002090454
12621-3704 1.1813233078167003 2.7535581588745117
12621-6101 0.8511449201074661 6.460333824157715
12621-6102 0.9179808845859607 5.237130165100098
12621-6103 0.414880713880899 3.3142266273498535
12621-6104 2.574230269880484 -1.8357659578323364
12621-9101 0.8854782145400469 4.152645587921143
12621-9102 1.282077357895195 4.659563064575195
12622-12701 1.7522892221836601 4.244969367980957
12622-12702 nan -1.3968223333358765
12622-12703 1.232078549402488 4.704176902770996
12622-12704 1.1208128560422115 3.5827295780181885
12622-12705 0.6302807671683175 6.077296257019043
12622-1901 0.5583755732830906 0.9516260623931885
12622-1902 0.7039674106784223 0.06887023150920868
12622-3701 nan 2.4736616611480713
12622-3702 2.4747456395348837 -2.122877359390259
12622-3703 1.1732281304394026 4.109428882598877
12622-3704 1.7160872092418442 0.5604491829872131
12622-6101 1.3492865085995562 6.918919086456299
12622-6102 2.3531649681829636 -0.8618817925453186
12622-6103 1.6535230948168755 4.634159088134766
12622-6104 1.5679527317236992 5.0419816970825195
12622-9101 0.8191461428085671 3.904590368270874
12622-9102 0.6208128660178901 5.108288764953613
12624-12701 1.0897822003711686 6.856774806976318
12624-12702 0.9705370105844886 3.13433575630188
12624-12703 0.9450421821746039 4.1021270751953125
12624-12704 1.4823936220890632 6.718297958374023
12624-12705 1.284638715618001 3.5089640617370605
12624-1901 1.3450791229012693 0.5578702688217163
12624-1902 1.6988892594004066 0.5240136384963989
12624-3701 1.76838623046875 -0.28200361132621765
12624-3702 1.9725038227282072 -2.2057082653045654
12624-3703 2.2365313607973283 -1.469070553779602
12624-3704 2.589874394558339 0.032667115330696106
12624-6101 2.924069471762214 -3.2474257946014404
12624-6102 2.4033025133467083 1.3917622566223145
12624-6103 2.0117638691758026 -1.533385157585144
12624-6104 1.6264659917466693 -1.7109001874923706
12624-9101 2.021092433226128 0.29611480236053467
12624-9102 1.6663262290706344 -0.18523286283016205
12651-12701 1.3495809325591417 4.816282749176025
12651-12702 1.3005635335632488 2.9165985584259033
12651-12703 2.5346940363545816 -2.4528706073760986
12651-12704 2.359491096158478 -0.6366470456123352
12651-12705 0.4694850210561029 6.457114219665527
12651-1901 0.8268774938469571 1.4111934900283813
12651-1902 2.469309461660104 -0.893627941608429
12651-3701 0.684224609375 3.4861485958099365
12651-3702 2.2441976358602336 -0.3837737739086151
12651-3703 2.671094687714335 -2.792126178741455
12651-3704 0.5277272350383255 1.2647864818572998
12651-6101 1.9260602977177868 1.6051025390625
12651-6102 2.70458984375 -1.567812204360962
12651-6103 1.407559749584843 -0.312611848115921
12651-6104 2.2614946304612857 -2.8606626987457275
12651-9101 1.2581546638066963 2.0582008361816406
12651-9102 2.207394402228075 -1.5792211294174194
12652-12701 1.0472730033145659 2.5171263217926025
12652-12702 1.64025899234362 3.4939637184143066
12652-12703 0.7181034396223385 2.6990718841552734
12652-12704 1.4226326809690086 3.1618404388427734
12652-12705 1.5536666764398095 3.979384660720825
12652-1901 2.0185749662815553 0.40467631816864014
12652-1902 1.0438406364305026 5.827114105224609
12652-3701 1.211305500548563 5.537439346313477
12652-3702 2.6281666070642604 -0.32436463236808777
12652-3703 0.6045654649170275 3.0254721641540527
12652-3704 2.7833887340324432 -1.3817816972732544
12652-6101 2.8481515309377716 -2.3433589935302734
12652-6102 2.8432321259469697 -2.6292829513549805
12652-6103 2.1731367640586163 -1.6910113096237183
12652-6104 1.8295009795812402 3.402221918106079
12652-9101 1.2809365370498837 4.644504070281982
12652-9102 0.7437275953816139 1.663572907447815
12667-12701 0.9967107566947951 4.177144527435303
12667-12702 2.1680602164917238 0.4529201090335846
12667-12703 1.1548942212757163 1.4808143377304077
12667-12704 1.2619116174444134 -0.25079432129859924
12667-12705 0.9170198633603239 2.7598912715911865
12667-1901 2.2234242476152453 -0.5065538883209229
12667-1902 2.1264531493499836 -1.3231298923492432
12667-3701 0.5230283262270777 3.4539504051208496
12667-3702 2.5687294006347656 -2.15602445602417
12667-3703 2.4925690308432076 -2.295772075653076
12667-3704 3.3260313434365356 -1.7001639604568481
12667-6101 0.5828275050687161 4.064234256744385
