2D_RC/main/cross_table
# %ECSV 0.9
# ---
# datatype:
# - {name: galaxy_ID, datatype: string}
# - {name: smoothness, datatype: float64}
# - {name: DL_ttype, datatype: float64}
# schema: astropy-2.0
galaxy_ID smoothness DL_ttype
[from data line 8139]
8717-3704 0.4053202340769213 2.1213185787200928
8717-6101 2.0389393791684594 2.205536365509033
8717-6102 0.8445287579744817 2.7663376331329346
8717-6103 2.3292252285028594 -2.289843797683716
8717-6104 2.553371864425246 -1.945378303527832
8717-9101 0.5876261728403006 4.519828796386719
8717-9102 2.6155829586938886 -0.8603419661521912
8718-12701 1.368814240953045 4.90371561050415
8718-12702 1.022090621716123 4.073471546173096
8718-12703 1.6545365002036045 4.107063293457031
8718-12704 1.5986868979648046 5.154873847961426
8718-12705 1.5917151279136783 2.986332416534424
8718-1901 1.4298268070927374 -1.4952130317687988
8718-1902 1.3401544173762854 2.817333459854126
8718-3701 1.9405006988014801 -0.5160998702049255
8718-3702 2.2130453362146145 -2.81736421585083
8718-3703 1.430507305541325 1.892219066619873
8718-3704 1.8549216418121381 -2.055036783218384
8718-6101 2.3568367053798567 -2.8693060874938965
8718-6102 1.358565958415617 1.818161964416504
8718-6103 2.1878561248190156 -1.778173565864563
8718-6104 1.6827016117008589 1.896289348602295
8718-9101 1.646409264997626 4.207189083099365
8718-9102 1.7582197195552023 5.465962886810303
8719-12701 1.5176173689292205 3.927929162979126
8719-12702 1.0922816582763133 6.615170478820801
8719-12703 2.353509980130058 -0.502376139163971
8719-12704 1.2401834085685055 6.285466194152832
8719-12705 1.4673126251497857 4.69489860534668
8719-1901 2.259338209364149 -0.47537702322006226
8719-1902 1.5981734341414517 -0.5845465064048767
8719-3701 2.5540789778291044 1.1799325942993164
8719-3702 1.1267444507495776 4.1805596351623535
8719-3703 0.8724102209944752 5.078556060791016
8719-3704 2.43490941718986 1.254421591758728
8719-6101 1.4233553853369258 3.102510929107666
8719-6102 1.1037301073511665 4.7080841064453125
8719-6103 0.3941923170823317 5.249017715454102
8719-6104 1.3817764123915104 5.396617889404297
8719-9101 1.7947535904301186 4.654135227203369
8719-9102 1.2485043243987128 4.8721022605896
8720-12701 2.261623997456964 -0.592624843120575
8720-12702 0.9460238899701688 1.9046440124511719
8720-12703 2.375892287825253 -1.6435377597808838
8720-12704 1.2134402757436853 6.946208953857422
8720-12705 2.5733808138098064 -0.6893728375434875
8720-1901 0.6862436419156328 0.8620224595069885
8720-1902 0.5549626774812868 0.28005844354629517
8720-3701 1.0375634575632295 -0.2121204435825348
8720-3702 1.8246019560010878 -0.8635364770889282
8720-3703 1.1729530455574158 -2.196462392807007
8720-3704 2.640930363581731 -1.968295693397522
8720-6101 1.7516643315766034 -2.410006523132324
8720-6102 1.2715362621431403 3.707017421722412
8720-6103 0.9549322083938954 4.68601131439209
8720-6104 1.4913028669945987 4.925655841827393
8720-9101 2.413973352091426 -2.0141501426696777
8720-9102 2.6129524380553004 1.263262152671814
8721-12701 2.5339871812140804 -1.6280598640441895
8721-12702 1.6159522181617807 5.519686698913574
8721-12703 2.325354153380102 -0.7705078721046448
8721-12704 2.323026975235849 -1.3937042951583862
8721-12705 1.26993957876462 5.745245933532715
8721-1901 2.7822982049056266 -3.077298402786255
8721-1902 2.601669556316845 -1.272281289100647
8721-3701 0.9451659996052739 -0.8221986889839172
8721-3702 2.184980763684983 0.02897416055202484
8721-3703 1.6227585365032327 -1.470247745513916
8721-3704 2.531078502444402 -2.918086051940918
8721-6101 1.4892199772077597 1.9571956396102905
8721-6102 nan 4.0167555809021
8721-6103 0.8901649107273036 2.1992063522338867
8721-6104 1.600295810807397 0.5218432545661926
8721-9101 1.8466349086807656 5.067481517791748
8721-9102 2.620634615878286 -3.068319320678711
8722-12701 2.46116157825526 -1.0489422082901
8722-12702 2.1010851976348133 2.9592175483703613
8722-12703 1.2660378585971817 4.254817008972168
8722-12704 0.5804837120603042 5.564084529876709
8722-12705 0.425618019517148 7.226032733917236
8722-1901 0.6241165521576648 -2.9013612270355225
8722-1902 0.6471482439738948 5.920304298400879
8722-3701 1.0430707118307898 4.490818977355957
8722-3702 1.9703887898925132 -1.0995079278945923
8722-3703 0.9208644231160482 4.379264831542969
8722-3704 2.4772270661712033 -2.2829999923706055
8722-6101 1.9598805565881618 0.4918251037597656
8722-6102 2.404615538677464 -1.0079705715179443
8722-6103 0.8132056005252815 -0.3423318564891815
8722-6104 2.4818889701589155 -2.2694478034973145
8722-9101 2.4124923088255685 -0.6695106029510498
8722-9102 2.029513226229535 -2.0604989528656006
8723-12701 0.44316427887278437 3.910662889480591
8723-12702 1.663847807469947 0.8760003447532654
8723-12703 0.6779064859965716 4.915909767150879
8723-12704 0.6374928577836737 2.91817569732666
8723-12705 0.3683372007597477 5.093286991119385
8723-1901 0.9914576592136971 0.5663732886314392
8723-1902 1.08445997362013 -0.3695799708366394
8723-3701 2.408202958464785 -0.2230285406112671
8723-3702 0.54548322934274 1.149736762046814
8723-3703 1.8131376067743572 0.5922595262527466
8723-3704 1.6454620567807003 1.5413142442703247
8723-6101 0.7695289894386574 3.8872852325439453
8723-6102 2.277988147041734 -1.7053745985031128
8723-6103 2.4381348819747815 -1.3933876752853394
8723-6104 1.5673663139343261 -0.8413954973220825
8723-9101 2.5854231595350403 -1.3086109161376953
8723-9102 2.937831662735849 -1.4076021909713745
8724-12701 0.4766319995519818 5.085369110107422
8724-12702 2.374656777821916 0.7591552734375
8724-12703 2.6801050101214576 -0.29822516441345215
8724-12704 1.5352773332210243 4.767019271850586
8724-12705 1.155444268308518 5.919889450073242
8724-1901 3.1938900831269055 -1.223832130432129
8724-1902 0.5375255940755208 1.8668887615203857
8724-3701 2.6268477860030592 -1.743146538734436
8724-3702 2.0909235374652293 -1.7781603336334229
8724-3703 2.722668328921477 2.482478618621826
8724-3704 1.5454046172829408 3.7160940170288086
8724-6101 2.6105787602555393 -1.490841269493103
8724-6102 2.2552337395103996 -1.2237106561660767
8724-6103 1.146470698225857 3.5616724491119385
8724-6104 2.3630299528240157 1.3426644802093506
8724-9101 1.5360190542346652 5.581244468688965
8724-9102 1.6154193878173828 6.877082824707031
8725-12701 1.4961040567282322 2.5080761909484863
8725-12702 1.7603490128341277 1.4626203775405884
8725-12703 2.3201757360387734 -1.540097713470459
8725-12704 2.560707352575341 -1.1344882249832153
8725-12705 1.1367290020970564 3.6384575366973877
8725-1901 0.9633155177481731 1.6563031673431396
8725-1902 1.7042518500706658 -1.9891736507415771
8725-3701 0.7790546956589411 3.003401041030884
8725-3702 2.5996079451866763 -2.6523404121398926
8725-3703 0.6113603708463348 3.804232597351074
8725-3704 2.075005676879012 -0.8073987364768982
8725-6101 2.2713378137908142 -1.6516029834747314
8725-6102 1.2183386397688356 1.6211997270584106
8725-6103 2.48526500707969 -3.1283764839172363
8725-6104 2.732847947340745 -2.22222900390625
8725-9101 nan 2.2798585891723633
8725-9102 1.5617178044311457 1.8043999671936035
8726-12701 1.2819219697143645 4.7135844230651855
8726-12702 0.9775695190673731 4.931304931640625
8726-12703 1.4903804771587574 5.45279598236084
8726-12704 1.6668647306168427 -0.7971938252449036
8726-12705 2.124739451186852 3.4265589714050293
8726-1901 1.8656717667793536 -1.704197883605957
8726-1902 2.434147980925325 -1.1438497304916382
8726-3701 1.9768879662889578 -1.0878896713256836
8726-3702 2.4706411106701203 0.42622384428977966
8726-3703 0.49907232103953875 2.609065294265747
8726-3704 2.6092286277876147 -1.2048465013504028
8726-6101 2.3253853801538735 -0.15518921613693237
8726-6102 1.7231464566492507 1.681796669960022
8726-6103 1.9542861986309756 -0.8565354347229004
8726-6104 2.5775244701867814 0.8804680109024048
8726-9101 2.6727259180567287 -0.08775445818901062
8726-9102 2.669200721153846 -1.072312355041504
8727-12701 0.6597602927698274 5.039105415344238
8727-12702 0.5068481858177142 6.626963138580322
8727-12703 1.4348392769002962 7.556820869445801
8727-12704 1.2120513642069681 7.273107528686523
8727-12705 1.0454983666376552 5.17440128326416
8727-1901 1.66206540343582 -0.4518994092941284
8727-1902 2.7823350694444446 3.1159720420837402
8727-3701 0.6220086306136176 -0.11408883333206177
8727-3702 1.174748758870767 1.94676673412323
8727-3703 1.7533185840707965 3.7732698917388916
8727-3704 2.0250781040137 3.0824077129364014
8727-6101 2.122060112847222 1.0827709436416626
8727-6102 1.4764248174723063 4.2450737953186035
8727-6103 3.000990030853218 -1.924452781677246
8727-6104 1.2385066791172445 7.197397708892822
8727-9101 1.2027204630761172 4.0076518058776855
8727-9102 1.3212862587649072 5.6789140701293945
8728-12701 0.9439171294462846 4.028083801269531
8728-12702 2.3491208997566546 1.8569668531417847
8728-12703 1.995853999706802 -0.9510413408279419
8728-12704 1.2283886336821224 5.8884687423706055
8728-12705 1.3842929949916027 3.777510166168213
8728-1901 2.3937542794764726 -1.2684792280197144
8728-1902 2.7895248456311967 -1.8665871620178223
8728-3701 0.9440201867326057 0.6226590275764465
8728-3702 1.947583632035689 -0.46215617656707764
8728-3703 2.5489616069847734 -2.977447032928467
8728-3704 2.4622289441776566 -2.0383591651916504
8728-6101 2.5038326202876986 -1.102650761604309
8728-6102 2.3386952066656406 -1.43943190574646
8728-6103 1.8340824157234252 3.3613717555999756
8728-6104 1.7086558252172086 4.218178749084473
8728-9101 1.9484811735244723 5.309175968170166
8728-9102 1.1080109166935137 4.936994552612305
8931-12701 1.2322932188271751 3.955049514770508
8931-12702 0.8537501190050314 6.197948455810547
8931-12703 2.5252693116344562 3.927004337310791
8931-12704 2.923299802956006 0.09921182692050934
8931-12705 2.613337396035207 -1.9310592412948608
8931-1901 3.088702430023006 0.0754561722278595
8931-1902 2.8111308007266933 -0.3813048005104065
8931-3701 2.3067529889129887 -2.032451868057251
8931-3702 2.4275151360222003 0.5881980061531067
8931-3703 1.5211918538985367 1.8146058320999146
8931-3704 2.591550080672554 -1.8392479419708252
8931-6101 2.8786118582081057 2.6909966468811035
8931-6102 2.1978802199120855 -1.2126232385635376
8931-6103 2.6643242868436436 -0.5789433717727661
8931-6104 2.333771985528339 2.0633578300476074
8931-9101 1.9850140544019368 3.5193419456481934
8931-9102 3.3128246115572626 -0.3476998507976532
8932-12701 0.5939783056299169 5.886317729949951
8932-12702 2.707905481634654 4.897696495056152
8932-12703 2.6206763326292246 2.2677266597747803
8932-12704 1.6007854799317325 3.6092214584350586
8932-12705 3.1399500965308897 3.1662850379943848
8932-1901 2.0378506077243275 2.5216522216796875
8932-1902 2.8658908633735236 -1.8733497858047485
8932-3701 0.5410087175686341 4.714434623718262
8932-3702 2.492064499037087 -1.7275339365005493
8932-3703 2.7167559622413644 4.024506092071533
8932-3704 3.0485710766380287 3.767327070236206
8932-6101 2.803137278179642 -0.8958600163459778
8932-6102 2.6858379061259923 3.902500629425049
8932-6103 2.5660512381737384 2.9609336853027344
8932-6104 2.1469474065871466 -0.26726239919662476
8932-9101 2.494130333991958 -1.2471911907196045
8932-9102 0.8243745764907525 4.413495063781738
8933-12701 1.8577885924533195 3.7281665802001953
8933-12702 2.6569110025244798 -1.7896288633346558
8933-12703 2.6486717203990766 0.14785324037075043
8933-12704 2.604279815962638 -2.157120704650879
8933-12705 2.5847700275358605 -2.136920690536499
8933-1901 2.7037689208984377 0.20710279047489166
8933-1902 2.5523744080682547 0.06045814976096153
8933-3701 2.568802870188328 1.3997539281845093
8933-3702 2.893085354477612 -0.2515171766281128
8933-3703 2.7605726640303057 -1.4791802167892456
8933-3704 2.3193247105953465 1.3421217203140259
8933-6101 2.622252030806108 -2.446232795715332
8933-6102 2.6221793461771843 -2.1048848628997803
8933-6103 2.6395564043729287 -2.3164987564086914
8933-6104 2.6081359521757594 -0.9319984912872314
8933-9101 2.8492422392874053 2.1753125190734863
8933-9102 2.461381904228584 0.33847716450691223
8934-12701 0.6563688766124637 3.911327362060547
8934-12702 1.0584574811768315 2.9068737030029297
8934-12703 1.4853695085183767 2.532102108001709
8934-12704 2.6865109366044133 1.8575466871261597
8934-12705 2.5274750808189657 0.5051299929618835
8934-1901 2.4780695134943183 0.3610421419143677
8934-1902 2.829194029930177 3.5399560928344727
8934-3701 0.7130550919479031 1.5170643329620361
8934-3702 2.7156709369860197 -1.5056250095367432
8934-3703 3.0617391008401493 0.8389586210250854
8934-3704 3.0929983712576488 2.128308057785034
8934-6101 2.5471340880102042 0.1477189064025879
8934-6102 1.7760700673709515 0.8992229104042053
8934-6103 2.4962985286844708 4.763055801391602
8934-6104 2.4289812290792367 -1.881014347076416
8934-9101 2.7115628231068167 2.169891595840454
8934-9102 2.5466035199993002 4.309460639953613
8935-12701 2.7495062788965017 5.716331958770752
8935-12702 2.565489333064251 3.5856831073760986
8935-12703 1.7053841171444728 2.8903186321258545
8935-12704 1.1416387378443382 4.820814609527588
8935-12705 2.9528008742559524 -1.390777826309204
8935-1901 2.9281851109646095 0.907701849937439
8935-1902 2.9680918053179033 -2.6541121006011963
8935-3701 2.202225465825535 2.32669997215271
8935-3702 2.8712872804516425 0.3977222442626953
8935-3703 1.894834269648013 1.5522370338439941
8935-3704 2.4305371023895743 0.9405275583267212
8935-6101 2.2945235514890028 3.2998197078704834
8935-6102 2.374024991298727 -0.23159998655319214
8935-6103 2.410122912727412 2.602867364883423
8935-6104 0.6901917934417725 2.343109607696533
8935-9101 2.6322064953663165 2.655561923980713
8935-9102 2.737700781701068 -0.11874827742576599
8936-12701 2.3890275164901524 -0.29805082082748413
8936-12702 2.672640093219726 -1.2172000408172607
8936-12703 1.2747784607309398 4.861415386199951
8936-12704 1.1027240415650956 6.158596038818359
8936-12705 1.7121842348748095 1.2667490243911743
8936-1901 2.439755907245711 -0.7589021325111389
8936-1902 1.554755268051184 1.5207828283309937
8936-3701 2.6517215851814515 -1.7155674695968628
8936-3702 2.0192608857274656 1.1573805809020996
8936-3703 1.1625814838773885 6.728148937225342
8936-3704 2.1881606932277626 -0.11607232689857483
8936-6101 2.765589090526906 0.16053852438926697
8936-6102 1.9637630257063996 -2.778932809829712
8936-6103 2.697984367580722 -1.1666756868362427
8936-6104 1.1075251512285127 4.905797004699707
8936-9101 2.232405315896739 2.5015316009521484
8936-9102 1.89870333365434 0.8507446646690369
8937-12701 1.4352706416229577 4.869433403015137
8937-12702 2.7094473610005307 -0.763186514377594
8937-12703 1.6756401432713444 3.6627681255340576
8937-12704 0.879783590545768 5.796482563018799
8937-12705 2.492404576755021 0.7512946128845215
8937-1901 1.4328982225104945 -0.04693213105201721
8937-1902 1.2070168160103463 -0.6324552297592163
8937-3701 2.8605768972446697 1.017560601234436
8937-3702 2.92584317488156 -0.026509344577789307
8937-3703 0.8215299166165866 1.4609498977661133
8937-3704 2.85031171402021 -1.7706228494644165
8937-6101 2.297838606446932 -0.9739711284637451
8937-6102 1.3905456209443305 6.176763534545898
8937-6103 1.4656902471670328 nan
8937-6104 2.369169190595749 0.3906327188014984
8937-9101 2.737406986335683 -1.627970576286316
8937-9102 1.251344009098628 4.298159599304199
8938-12701 1.3711383476045669 3.3679091930389404
8938-12702 0.36044513452832944 3.597851037979126
8938-12703 1.2581495949074073 1.5383495092391968
8938-12704 1.5318509901993513 1.5868120193481445
8938-12705 1.2042076453531323 5.108836650848389
8938-1901 3.1926646291473766 -0.9074641466140747
8938-1902 1.7168616297502597 0.4760805368423462
8938-3701 1.5239389375319747 -0.3154152035713196
8938-3702 1.584352388317953 -2.510246515274048
8938-3703 0.8488410273684731 2.0978431701660156
8938-3704 2.521875697544643 -1.1796976327896118
8938-6101 2.5484785600142046 -2.917461633682251
8938-6102 1.5427603886045258 3.1349446773529053
8938-6103 2.3523249111191262 -2.504972219467163
8938-6104 2.533409599341175 -2.013329029083252
8938-9101 1.5632363370740263 2.6357202529907227
8938-9102 2.2174576540927857 -1.8325166702270508
8939-12701 2.186242943357899 -0.005184665322303772
8939-12702 2.3081205845850303 0.519866943359375
8939-12703 1.632951671071628 2.123823881149292
8939-12704 0.6620593379880632 4.35957145690918
