DRPall-master_file.txt
# %ECSV 0.9
# ---
# datatype:
# - {name: MaNGA_plate, datatype: int64}
# - {name: MaNGA_IFU, datatype: int64}
# - {name: NSAID, datatype: int64}
# - {name: ra, unit: deg, datatype: float64}
# - {name: dec, unit: deg, datatype: float64}
# - {name: redshift, datatype: float64}
# - {name: ba, datatype: float64}
# - {name: phi, unit: deg, datatype: float64}
# - {name: Mstar, unit: solMass, datatype: float64}
# - {name: rabsmag, datatype: float64}
# - {name: plate, datatype: int64}
# - {name: MJD, datatype: int64}
# - {name: fiberID, datatype: int64}
# - {name: index, datatype: int64}
# - {name: imc, datatype: float64}
# - {name: aimc, datatype: float64}
# - {name: smoothness_score, datatype: float64}
# - {name: logHI, unit: dex(solMass), datatype: float64}
# - {name: WF50, unit: km / s, datatype: float64}
# - {name: WP20, unit: km / s, datatype: float64}
# meta: !!omap
# - __serialized_columns__:
#     Mstar:
#       __class__: astropy.units.quantity.Quantity
#       unit: !astropy.units.Unit {unit: solMass}
#       value: !astropy.table.SerializedColumn {name: Mstar}
#     WF50:
#       __class__: astropy.units.quantity.Quantity
#       unit: !astropy.units.Unit {unit: km / s}
#       value: !astropy.table.SerializedColumn {name: WF50}
#     WP20:
#       __class__: astropy.units.quantity.Quantity
#       unit: !astropy.units.Unit {unit: km / s}
#       value: !astropy.table.SerializedColumn {name: WP20}
#     dec:
#       __class__: astropy.units.quantity.Quantity
#       unit: &id001 !astropy.units.Unit {unit: deg}
#       value: !astropy.table.SerializedColumn {name: dec}
#     logHI:
#       __class__: astropy.units.function.logarithmic.Dex
#       unit: !astropy.units.Unit {unit: dex(solMass)}
#       value: !astropy.table.SerializedColumn {name: logHI}
#     phi:
#       __class__: astropy.units.quantity.Quantity
#       unit: *id001
#       value: !astropy.table.SerializedColumn {name: phi}
#     ra:
#       __class__: astropy.units.quantity.Quantity
#       unit: *id001
#       value: !astropy.table.SerializedColumn {name: ra}
# schema: astropy-2.0
MaNGA_plate MaNGA_IFU NSAID ra dec redshift ba phi Mstar rabsmag plate MJD fiberID index imc aimc smoothness_score logHI WF50 WP20
[from data line 3099]
8263 9101 298335 184.633472759 46.2984553717 0.038121 0.534733 61.681 2347660000.0 -18.3074 1451 53117 212 1168009 2.0 24.04 1.0470912817752722 nan nan nan
8263 6101 273905 186.700821072 45.8778088445 0.0244291 0.78606 116.151 2646410000.0 -19.0442 1371 52821 578 1251243 2.0 56.42 0.5188286468272901 nan nan nan
8263 12701 273858 186.394835447 45.4317366413 0.0241119 0.244419 57.1854 5372620000.0 -19.2328 1371 52821 492 1249063 2.0 31.57 0.7591516767871611 nan nan nan
8263 3701 298290 184.76431569 46.1067989528 0.0385665 0.634361 88.0931 4830060000.0 -18.8865 1451 53117 127 1239092 2.0 19.84 0.9101277401572779 nan nan nan
8263 1902 273826 186.180370953 46.278998403 0.0245533 0.967757 117.869 5429670000.0 -18.9218 1371 52821 442 1168039 1.0 1.0 2.4733143320525373 nan nan nan
8263 1901 667696 186.428109928 47.330016594 0.0245615 0.92535 123.656 2520020000.0 -18.9937 1451 53117 34 1204459 2.0 88.67 0.6568949834214455 nan nan nan
8263 3702 298298 185.037670436 47.1335214433 0.112681 0.815867 153.198 91647400000.0 -22.0466 1451 53117 142 1169759 1.0 1.0 2.5132141931446883 nan nan nan
8263 12704 273816 185.69857521 46.1569775887 0.0382529 0.717044 153.29 1937880000.0 -18.5206 1371 52821 417 1239134 2.0 56.83 0.7093116530022437 nan nan nan
8263 3704 273864 186.55621312 45.5387113115 0.0241444 0.831102 98.576 3570380000.0 -18.6082 1371 52821 504 1249070 1.0 2.0 1.7253257957664696 nan nan nan
8263 12702 273841 186.030703871 45.4344663737 0.0237927 0.198843 133.52 6000810000.0 -19.0754 1371 52821 464 1249053 2.0 18.17 0.899716279000947 nan nan nan
8263 6103 273830 186.06224681 46.3017637996 0.0246954 0.517995 128.967 13008000000.0 -19.8627 1371 52821 449 1168034 1.0 1.0 1.8776925410558416 nan nan nan
8263 9102 612261 186.390313938 46.0671505696 0.0482156 0.711789 112.342 67278400000.0 -21.6418 6640 56385 70 -1 -1.0 -1.0 2.1232889444426033 nan nan nan
8263 12703 628249 186.11866 46.01868 0.0234229 0.63449 78.5631 8305440000.0 -20.2394 0 0 0 -1 -1.0 -1.0 0.6776450336843297 nan nan nan
8263 6102 273886 186.311240733 45.9427418691 0.0218813 0.582127 18.6487 1625430000.0 -18.5355 1371 52821 538 1251219 2.0 132.77 0.7042373657226563 nan nan nan
8263 3703 273828 186.243261086 46.2345486564 0.0390983 0.829424 62.9593 3030830000.0 -18.8012 1371 52821 446 1239145 2.0 38.9 0.730343487472215 nan nan nan
8263 12705 273682 186.058329937 44.9376349237 0.0479917 0.85505 117.642 33886000000.0 -21.4543 1371 52821 177 1231952 2.0 28.94 0.46671129545707296 nan nan nan
8263 6104 298978 187.285678346 46.8814922454 0.0395389 0.494928 172.149 24218000000.0 -20.6519 1453 53084 260 1203322 2.0 19.38 0.7064929995970991 nan nan nan
8461 3702 176235 145.667342239 43.1670408717 0.0945544 0.89341 85.9318 120584000000.0 -22.3559 940 52670 564 876546 1.0 1.0 2.343401089093543 nan nan nan
8461 3704 176496 146.709100143 43.4238429596 0.0722105 0.866956 107.044 60497400000.0 -21.8119 941 52709 466 897575 2.0 25.27 0.5201537561279996 nan nan nan
8461 6103 230082 144.639942763 44.6267106962 0.0246759 0.508357 145.42 7961380000.0 -19.5237 1202 52672 186 864182 2.0 24.82 0.8783236111793009 nan nan nan
8461 1901 230094 144.104503096 43.8476063031 0.0148776 0.572655 59.9195 605167000.0 -16.9292 1202 52672 248 862884 1.0 2.0 1.461348283685194 nan nan nan
8461 12703 176325 147.32578151 43.3517193284 0.0164167 0.417579 96.7571 2195840000.0 -18.3272 941 52709 120 875903 2.0 50.92 0.9657176672894022 nan nan nan
8461 12705 176049 145.861534925 42.186856649 0.0175478 0.257066 7.20639 2322770000.0 -18.3042 940 52670 79 891005 2.0 25.42 0.8076267755681819 nan nan nan
8461 6102 176436 145.997099204 42.6328700342 0.0183815 0.476708 86.8611 2306070000.0 -18.097 941 52709 297 894320 1.0 2.0 1.3722373501090117 nan nan nan
8461 3703 176537 147.448313214 43.5477777704 0.0721508 0.934872 122.041 89897500000.0 -22.0412 941 52709 556 875909 1.0 1.0 2.167387267620894 nan nan nan
8461 6104 176509 146.785813609 43.5104758987 0.0724488 0.951709 6.10303 47089400000.0 -21.387 941 52709 484 897597 1.0 1.0 2.1597376905577015 nan nan nan
8461 9102 176269 146.206778574 42.2938042896 0.0165645 0.865154 165.776 733834000.0 -17.2745 940 52670 625 891010 2.0 369.37 1.7053239598694483 nan nan nan
8461 12704 176399 146.35805196 42.8061666838 0.0168341 0.522952 124.517 1140190000.0 -17.7545 941 52709 221 894335 2.0 40.89 1.1816269490728735 nan nan nan
8461 12702 176237 145.724306972 42.7933257646 0.0172778 0.657811 103.127 631582000.0 -17.5154 940 52670 572 875833 2.0 55.89 0.9665564724719189 nan nan nan
8461 6101 176162 144.287854484 42.9721228329 0.0943235 0.811299 48.7333 103973000000.0 -22.561 940 52670 372 -1 -1.0 -1.0 2.3925709561072592 nan nan nan
8461 12701 591368 146.478228917 43.046704506 0.072834 0.73058 118.209 152077000000.0 -22.613 4569 55631 700 -1 -1.0 -1.0 2.271855889261342 nan nan nan
8461 9101 176257 146.04735274 42.9000410408 0.105154 0.855182 97.8324 86190100000.0 -21.9967 940 52670 608 875847 1.0 1.0 2.3565154610573043 nan nan nan
8461 1902 176209 144.809095432 42.7299212922 0.0271468 0.438782 85.4447 3529360000.0 -18.5761 940 52670 512 897533 1.0 2.0 1.4394700172364556 nan nan nan
8461 3701 176176 144.516003237 42.9743220132 0.0468085 0.633018 59.0458 56853900000.0 -21.5068 940 52670 416 900572 1.0 1.0 2.2802928052788394 nan nan nan
8466 1902 271819 169.353945185 44.5632961437 0.0662541 0.792696 96.8962 41401100000.0 -21.1754 1365 53062 367 1236537 1.0 1.0 1.6763431834928133 nan nan nan
8466 3701 612352 168.377035103 44.6659410536 0.0681317 0.863163 40.3877 39968600000.0 -21.094 6648 56383 500 -1 -1.0 -1.0 1.8333928406002964 nan nan nan
8466 12703 295072 171.50906722 45.4338999973 0.0343182 0.292481 136.041 1332120000.0 -18.0935 1441 53083 20 1238809 2.0 65.45 0.6765664201441819 nan nan nan
8466 12705 272117 171.301924563 45.0667685455 0.045258 0.417519 7.24649 6698660000.0 -19.4249 1366 53063 333 1250933 2.0 34.61 0.7706223112164121 nan nan nan
8466 6101 294037 168.094030871 44.8160370649 0.122333 0.799315 16.6125 105409000000.0 -22.1673 1438 53054 139 1238750 1.0 1.0 2.2481002166491595 nan nan nan
8466 12704 294042 168.363125901 45.8663821042 0.054075 0.809318 28.9007 12908900000.0 -20.6157 1438 53054 150 1169448 2.0 41.86 0.06667121469158016 nan nan nan
8466 12702 294056 167.967431339 45.5413957629 0.0284566 0.681673 141.354 9249950000.0 -20.2576 1438 53054 184 1168478 2.0 49.56 0.5047900634243585 nan nan nan
8466 9101 271864 170.214847187 44.5974119847 0.0245857 0.457933 86.7162 2555190000.0 -18.7711 1365 53062 447 1248713 2.0 51.79 0.7380477701822916 nan nan nan
8466 3703 295194 169.539016286 45.6186388631 0.111133 0.612653 57.7262 133358000000.0 -22.4373 1438 53054 63 1168514 1.0 1.0 2.424374518595951 nan nan nan
8466 6104 295197 169.669552898 45.5527255595 0.112604 0.8107 167.952 168103000000.0 -22.6471 1441 53083 260 1063381 1.0 1.0 2.10703965998554 nan nan nan
8466 6102 271642 169.442542506 44.8929635284 0.0487626 0.753606 179.711 15056800000.0 -20.019 1364 53061 623 1250889 1.0 1.0 2.1505903764204546 nan nan nan
8466 9102 295154 170.583304144 46.7013329603 0.0174758 0.425008 28.0118 599354000.0 -18.2936 1441 53083 180 1170637 2.0 112.36 0.4462732783509468 nan nan nan
8466 12701 294031 167.919038742 45.3504464404 0.0233966 0.22212 24.053 2548350000.0 -18.6617 1438 53054 128 1168476 2.0 37.08 0.7649083126633793 nan nan nan
8466 3704 271835 169.513447059 45.1130288476 0.107238 0.83391 51.8873 140158000000.0 -22.5506 1365 53062 395 1238769 2.0 23.49 1.0551799474722696 nan nan nan
8466 6103 294061 167.878678443 45.6431254705 0.0633705 0.694876 13.8543 32472000000.0 -20.9659 1438 53054 190 1064698 1.0 1.0 2.3894912972634668 nan nan nan
8466 3702 294007 168.183562398 45.1873874746 0.0233599 0.89853 34.8353 1386540000.0 -18.3028 1438 53054 89 1063339 2.0 43.04 0.5782370827414772 nan nan nan
8466 1901 293985 168.480327354 45.4883670786 0.029302 0.569896 60.2711 4553000000.0 -18.9292 1438 53054 56 1168487 1.0 2.0 0.6964698791503906 nan nan nan
8459 1901 176660 147.801793989 44.0093089046 0.015711 0.777813 80.1203 1551020000.0 -17.69 942 52703 313 876596 2.0 25.65 0.7291289124307753 nan nan nan
8459 6103 176507 146.789027825 43.4185743942 0.0720255 0.550614 124.503 101071000000.0 -22.1157 4569 55631 772 -1 -1.0 -1.0 2.4437640188694716 nan nan nan
8459 3704 176325 147.32578151 43.3517193284 0.0164167 0.417579 96.7571 2195840000.0 -18.3272 941 52709 120 875903 2.0 50.92 0.7862697097490419 nan nan nan
8459 3702 176496 146.709100143 43.4238429596 0.0722105 0.866956 107.044 60497400000.0 -21.8119 941 52709 466 897575 2.0 25.27 0.4319311737864649 nan nan nan
8459 12701 176309 147.37898128 42.1302903462 0.0718279 0.772124 105.659 49743700000.0 -21.3686 941 52709 82 1070487 1.0 1.0 2.2875492760894494 nan nan nan
8459 6104 176625 149.346878642 44.1547632349 0.0741969 0.938967 58.6967 54155600000.0 -21.467 942 52703 197 875965 1.0 1.0 2.358857668131895 nan nan nan
8459 3703 176524 147.335 43.44299 0.0719792 0.921915 25.3124 73877300000.0 -22.1361 941 52709 519 875907 2.0 22.75 1.1109769406984786 nan nan nan
8459 6102 176548 147.990674372 43.4140430617 0.0158773 0.921856 13.7973 818390000.0 -17.6026 941 52709 598 894385 2.0 92.9 0.6619364807360979 nan nan nan
8459 9102 176594 149.888880629 43.6605000576 0.0170491 0.779596 169.32 592761000.0 -17.9739 942 52703 87 891075 2.0 149.26 0.8887955902802148 nan nan nan
8459 6101 176661 147.712302507 44.0304545816 0.0463805 0.809313 62.1686 10447900000.0 -19.8952 942 52703 314 876595 2.0 32.52 0.7025490351628096 nan nan nan
8459 9101 176464 147.277688884 44.0486811007 0.0156854 0.525696 99.6272 763441000.0 -18.0118 941 52709 401 900636 2.0 48.46 1.5892196494654605 nan nan nan
8459 12705 176308 148.117076795 42.8191413496 0.016087 0.917477 155.475 1168600000.0 -18.2888 941 52709 76 874732 2.0 47.16 1.0168792543654082 nan nan nan
8459 12703 176696 148.84161359 44.4405591163 0.0264594 0.415025 132.791 3577990000.0 -19.1425 942 52703 421 876613 2.0 38.7 0.525390260175396 nan nan nan
8459 3701 176509 146.785813609 43.5104758987 0.0724488 0.951709 6.10303 47089400000.0 -21.387 941 52709 484 897597 1.0 1.0 2.2793922526041666 nan nan nan
8459 1902 176648 148.502535855 43.0448001127 0.0169612 0.766896 65.4954 680038000.0 -17.2717 942 52703 287 874738 1.0 2.0 1.07048843691013 nan nan nan
8459 12702 176306 147.585854164 43.1455699673 0.0170809 0.826408 154.103 957353000.0 -17.9653 941 52709 73 -1 -1.0 -1.0 1.1191495834910492 nan nan nan
8459 12704 176656 147.604836276 44.0406378719 0.0158584 0.62063 139.374 641037000.0 -17.3586 942 52703 306 876594 2.0 47.78 0.9996865762246622 nan nan nan
8450 12703 520827 172.423883628 21.624841878 0.0456847 0.407498 118.667 7859590000.0 -19.506 2504 54179 308 2301956 2.0 23.78 0.9991400387124776 -999.0 -1093.9480152920592 -1093.9480152920592
8450 6102 517830 171.748834197 21.1416757174 0.0417713 0.807732 128.96 6496420000.0 -20.501 2496 54178 31 2297706 2.0 112.21 0.7651518628113252 9.720000267028809 115.34224107648117 298.53285925677477
8450 12705 517824 171.578059883 21.0962357672 0.0428267 0.67563 109.098 58392700000.0 -21.5467 2496 54178 23 2275844 2.0 0.0 0.996574124572688 10.199999809265137 374.36882645160006 309.26120446001744
8450 3703 518001 170.444339768 22.4808155529 0.035089 0.902026 91.5228 8547040000.0 -20.3744 6430 56299 623 -1 -1.0 -1.0 0.45843342214390853 9.84000015258789 384.54258700301455 595.346053372137
8450 6104 519468 172.607537655 22.2165297033 0.0392908 0.9744 117.941 47536600000.0 -21.3111 2500 54178 516 2306651 1.0 1.0 1.4794259313197862 -999.0 -4443.528135681741 -4443.528135681741
8450 9102 519293 172.428587544 21.2600297251 0.0493003 0.665231 177.495 10490400000.0 -19.9339 2500 54178 146 2297741 2.0 28.88 0.6993913657764972 10.100000381469727 295.99366257256236 234.38412194659915
8450 3702 518267 170.572604703 23.2773071243 0.0608899 0.666739 172.634 32225700000.0 -20.9076 2497 54154 257 2261935 1.0 1.0 2.336181806481403 nan nan nan
8450 12704 519310 172.281977904 21.5860088575 0.0455893 0.853217 108.158 107412000000.0 -22.1908 2500 54178 176 2301948 1.0 1.0 2.2668571813782648 -999.0 -1915.4219971585349 -1915.4219971585349
8450 12702 519431 171.521625208 22.0571410858 0.0404999 0.90815 159.988 3701690000.0 -19.4986 2500 54178 437 2306621 2.0 39.63 1.20091905506379 9.920000076293945 308.13701713432897 203.0360190419997
8450 3704 519298 172.481780272 21.5178783791 0.0493754 0.701179 170.892 18330200000.0 -20.2787 2500 54178 154 2279312 1.0 1.0 2.571896875 -999.0 -1401.1509459854842 -1401.1509459854842
8450 6103 517831 171.954826807 21.3861029393 0.0406226 0.586969 9.47485 38254800000.0 -21.0882 2496 54178 32 2279293 1.0 1.0 1.2945779662448733 -999.0 -1233.9283492715479 -1233.9283492715479
8450 1901 518065 171.334256742 22.7327376364 0.0237681 0.69791 9.12234 1102980000.0 -17.2991 2496 54178 562 2288983 2.0 22.28 1.211971549100654 -999.0 -1394.890063401941 -1394.890063401941
8450 1902 519459 172.171842047 21.8469437624 0.0335024 0.652929 18.6954 8184430000.0 -19.5373 2500 54178 495 2282746 2.0 22.36 0.6318750863123421 -999.0 -1318.9527115112712 -1318.9527115112712
8450 12701 518033 170.678746873 22.2607085632 0.0431416 0.627297 49.8652 5031850000.0 -19.4273 2496 54178 504 2285848 2.0 36.16 0.8314102480075504 10.109999656677246 306.89021735524494 478.9541885920769
8450 3701 517826 171.725450104 21.2952520296 0.13552 0.861322 152.037 139079000000.0 -22.463 2496 54178 25 2297711 1.0 1.0 2.067655441718962 nan nan nan
8450 6101 519282 172.143172769 21.0106965128 0.0207675 0.790204 155.466 15454500000.0 -20.2439 2500 54178 122 2275867 2.0 20.82 0.49037995885630126 9.479999542236328 404.6707529235856 279.0270110884401
8450 9101 518235 171.103882174 23.6486056244 0.0277556 0.795181 110.587 6178090000.0 -19.5551 2497 54154 202 2319015 2.0 38.72 0.8148132711333906 -999.0 -1647.50312095693 -1647.50312095693
8239 12701 400283 115.387477093 47.8710058847 0.127488 0.737255 46.9984 105034000000.0 -22.1724 1867 53317 584 1785110 1.0 1.0 2.1915545116439175 nan nan nan
8239 6103 400429 115.672043115 48.8260523597 0.0971771 0.84933 131.371 112776000000.0 -22.263 1868 53318 209 1777519 1.0 1.0 2.2750748619854115 nan nan nan
8239 3704 400414 116.591106778 48.2968325245 0.02145 0.609142 94.9132 2347470000.0 -18.4937 1868 53318 185 1774660 2.0 57.7 0.5799802906135992 nan nan nan
8239 3702 400338 116.887259522 49.2467553242 0.0216787 0.892852 140.102 559900000.0 -17.3273 1868 53318 56 1783863 2.0 51.0 0.9879117134289864 nan nan nan
8239 1901 400480 115.669066274 48.022175773 0.021357 0.56649 11.3881 869531000.0 -17.5288 1868 53318 307 1776124 2.0 78.86 0.4981509356431558 nan nan nan
8239 9102 372130 117.405273503 48.5156647136 0.0225772 0.58972 5.25891 1851440000.0 -18.4201 1779 53089 307 1772988 2.0 43.62 0.712025986303149 nan nan nan
8239 6104 579950 118.540695668 48.7088977665 0.0801299 0.793879 38.7987 58167700000.0 -21.5093 3684 55246 496 -1 -1.0 -1.0 2.3969423972954185 nan nan nan
8239 3703 400354 116.522958437 48.8479689576 0.0327643 0.912906 175.455 31799700000.0 -20.8456 1868 53318 90 1783856 1.0 1.0 2.5278070010597395 nan nan nan
8239 6102 372118 117.863904515 48.5950068961 0.0419966 0.260521 71.7017 3865220000.0 -18.9852 1779 53089 278 1781392 2.0 30.39 0.5752235229072702 nan nan nan
8239 9101 358951 116.74926876 46.9714843326 0.0278348 0.66008 147.668 6103030000.0 -19.7252 1737 53055 323 1781350 2.0 52.69 0.5458906099918853 nan nan nan
8239 12703 400325 117.568593951 47.8894054153 0.0180264 0.782216 95.936 339407000.0 -17.4553 1868 53318 26 1729743 2.0 66.22 1.1171827806053447 nan nan nan
8239 12705 579754 115.767844167 47.4159585016 0.0513668 0.852219 92.6647 11672100000.0 -20.3895 3665 55247 900 -1 -1.0 -1.0 0.4734806539692404 nan nan nan
8239 6101 400247 115.304068393 47.6714784179 0.0210452 0.827662 128.522 5932650000.0 -19.5906 1867 53317 521 1776109 2.0 41.0 0.604166476525993 nan nan nan
8239 12704 400328 117.451251659 48.1295623832 0.0180813 0.664171 114.654 1580470000.0 -18.9668 1868 53318 33 1781372 2.0 93.55 0.5906957631363999 nan nan nan
