DRPall-master_file.txt
# %ECSV 0.9
# ---
# datatype:
# - {name: MaNGA_plate, datatype: int64}
# - {name: MaNGA_IFU, datatype: int64}
# - {name: NSAID, datatype: int64}
# - {name: ra, unit: deg, datatype: float64}
# - {name: dec, unit: deg, datatype: float64}
# - {name: redshift, datatype: float64}
# - {name: ba, datatype: float64}
# - {name: phi, unit: deg, datatype: float64}
# - {name: Mstar, unit: solMass, datatype: float64}
# - {name: rabsmag, datatype: float64}
# - {name: plate, datatype: int64}
# - {name: MJD, datatype: int64}
# - {name: fiberID, datatype: int64}
# - {name: index, datatype: int64}
# - {name: imc, datatype: float64}
# - {name: aimc, datatype: float64}
# - {name: smoothness_score, datatype: float64}
# - {name: logHI, unit: dex(solMass), datatype: float64}
# - {name: WF50, unit: km / s, datatype: float64}
# - {name: WP20, unit: km / s, datatype: float64}
# meta: !!omap
# - __serialized_columns__:
#     Mstar:
#       __class__: astropy.units.quantity.Quantity
#       unit: !astropy.units.Unit {unit: solMass}
#       value: !astropy.table.SerializedColumn {name: Mstar}
#     WF50:
#       __class__: astropy.units.quantity.Quantity
#       unit: !astropy.units.Unit {unit: km / s}
#       value: !astropy.table.SerializedColumn {name: WF50}
#     WP20:
#       __class__: astropy.units.quantity.Quantity
#       unit: !astropy.units.Unit {unit: km / s}
#       value: !astropy.table.SerializedColumn {name: WP20}
#     dec:
#       __class__: astropy.units.quantity.Quantity
#       unit: &id001 !astropy.units.Unit {unit: deg}
#       value: !astropy.table.SerializedColumn {name: dec}
#     logHI:
#       __class__: astropy.units.function.logarithmic.Dex
#       unit: !astropy.units.Unit {unit: dex(solMass)}
#       value: !astropy.table.SerializedColumn {name: logHI}
#     phi:
#       __class__: astropy.units.quantity.Quantity
#       unit: *id001
#       value: !astropy.table.SerializedColumn {name: phi}
#     ra:
#       __class__: astropy.units.quantity.Quantity
#       unit: *id001
#       value: !astropy.table.SerializedColumn {name: ra}
# schema: astropy-2.0
MaNGA_plate MaNGA_IFU NSAID ra dec redshift ba phi Mstar rabsmag plate MJD fiberID index imc aimc smoothness_score logHI WF50 WP20
[from data line 1642]
8158 3701 621138 61.2300919858 -6.30480772667 0.0267252 0.666924 109.992 22747500000.0 -20.4733 0 0 0 -1 -1.0 -1.0 1.430246815612713 nan nan nan
8158 3702 331089 61.119133207 -5.16578378193 0.138908 0.725932 162.493 656943000000.0 -23.0292 1635 53053 604 -1 -1.0 -1.0 1.6584486961364746 nan nan nan
8158 3704 55913 61.4532623945 -6.32383706666 0.0568681 0.902352 80.1908 17517700000.0 -20.3515 465 51910 278 326166 2.0 26.64 1.4883261513876749 nan nan nan
8158 6103 55976 61.6808056016 -5.11472389447 0.0659973 0.864608 118.06 101853000000.0 -22.1393 465 51910 445 159179 1.0 1.0 2.125537109375 nan nan nan
8158 1901 55930 60.859332895 -5.49184226806 0.0383575 0.710931 69.6765 1624900000.0 -18.4764 465 51910 328 330622 2.0 55.25 0.9667778581115541 nan nan nan
8158 12705 55825 62.5044541346 -6.66563743164 0.0385542 0.371921 66.1474 3682580000.0 -18.793 465 51910 101 324367 2.0 21.13 0.3373368915758635 nan nan nan
8158 12703 56043 62.9744205786 -5.13731868184 0.0952428 0.731793 109.953 73110500000.0 -21.8206 465 51910 607 330706 1.0 1.0 1.9982465829867906 nan nan nan
8158 6102 55956 61.405962359 -5.31528176831 0.0325244 0.702517 178.601 23268600000.0 -20.5354 465 51910 402 159168 1.0 1.0 1.4883521626013836 nan nan nan
8158 6104 55838 62.5263776999 -6.05165416151 0.0577918 0.769082 32.2697 18454500000.0 -20.9929 465 51910 125 -1 -1.0 -1.0 1.549444803377477 nan nan nan
8158 9102 55800 62.9492551871 -5.91988380733 0.0387939 0.572203 127.694 2117180000.0 -18.6189 465 51910 59 156635 2.0 61.97 0.5675436483847128 nan nan nan
8158 12702 55852 62.1623175851 -5.65941825471 0.0756757 0.851712 94.1491 51820100000.0 -21.5611 465 51910 156 157928 2.0 22.34 0.7450421948202404 nan nan nan
8158 12704 55836 62.4258562524 -6.31556310132 0.0842328 0.859969 13.0126 107942000000.0 -22.2052 465 51910 119 155543 1.0 1.0 2.1527488914695945 nan nan nan
8990 6101 184697 174.152694674 49.063052459 0.0323144 0.863395 55.5293 40268100000.0 -21.089 967 52636 194 891616 1.0 1.0 2.6224131606982657 nan nan nan
8990 12703 184803 174.246658556 50.2243301833 0.055466 0.741381 136.314 20345300000.0 -20.7662 967 52636 379 901220 2.0 45.06 0.4806416531112537 nan nan nan
8990 9101 184289 173.933151315 49.0376492526 0.0296172 0.39977 105.843 11308800000.0 -19.7935 966 52642 76 891615 2.0 19.56 1.1217879271859605 nan nan nan
8990 3701 661177 173.145047731 49.1096518237 0.0340146 0.88611 2.0722 27123000000.0 -20.6708 966 52642 164 955521 1.0 1.0 2.585905484364043 nan nan nan
8990 12704 184820 174.747994795 49.7780345061 0.05184 0.361821 11.3821 18440500000.0 -20.3468 967 52636 422 898177 2.0 19.25 0.9949792785927364 nan nan nan
8990 1902 184270 173.426198798 48.3186067851 0.0235342 0.686867 104.179 1073500000.0 -17.6598 966 52642 44 953604 1.0 2.0 1.0470398578447164 nan nan nan
8990 1901 184533 172.929051466 49.2832384904 0.0335363 0.684817 164.964 2081270000.0 -18.0158 966 52642 520 894879 1.0 2.0 2.07066228557435 nan nan nan
8990 12701 184330 173.345940122 49.0380427423 0.0313581 0.35689 38.7094 6124080000.0 -19.1232 966 52642 141 955538 2.0 24.36 1.256665237550813 nan nan nan
8990 3702 184336 173.306256863 49.1019569875 0.0323474 0.502518 64.4588 20819600000.0 -20.3579 966 52642 151 955531 1.0 1.0 2.1707556542832926 nan nan nan
8990 3704 184282 174.022108571 48.9550023427 0.0345005 0.976525 162.058 2568840000.0 -18.2422 966 52642 64 891618 1.0 2.0 2.571874000847976 nan nan nan
8990 6103 627078 174.727119751 49.6603597927 0.0228992 0.703763 163.85 6861900000.0 -19.3548 0 0 0 -1 -1.0 -1.0 1.0589893590510366 nan nan nan
8990 6102 184745 173.679071279 49.0908236979 0.032755 0.570317 43.3013 13278500000.0 -19.9 967 52636 267 955567 1.0 1.0 2.5288224243765396 nan nan nan
8990 3703 184291 173.972423651 49.1585759893 0.0351476 0.555373 140.447 2170150000.0 -18.1341 966 52642 79 955601 2.0 22.04 1.5901116010240446 nan nan nan
8990 6104 184840 174.745255644 50.0058889407 0.0466397 0.80868 151.452 4934960000.0 -19.9871 967 52636 469 957744 2.0 111.99 0.5549904240918122 nan nan nan
8990 9102 661744 173.929666166 49.7378213736 0.0327694 0.738644 28.0691 17363400000.0 -20.5663 966 52642 583 898148 2.0 27.74 0.42009839144620026 nan nan nan
8568 3703 290274 155.693069973 37.6734654533 0.0226165 0.683376 124.774 1797650000.0 -18.5709 1428 52998 294 1155551 1.0 2.0 1.0655262134693286 nan nan nan
8568 6104 417299 157.183003141 37.0918034183 0.0455334 0.699502 60.2635 37301500000.0 -21.1854 1973 53432 303 1325916 2.0 0.0 0.5136722786123484 nan nan nan
8568 6102 415828 156.814215072 37.3782776207 0.0565018 0.814378 139.178 23372900000.0 -20.7365 1957 53415 623 1329837 1.0 1.0 2.096246145367114 nan nan nan
8568 12702 290272 155.899411027 37.6377529641 0.0213062 0.887486 157.371 3383140000.0 -19.5004 1428 52998 291 -1 -1.0 -1.0 0.7247780304494258 nan nan nan
8568 12704 652252 155.542978368 38.5178182947 0.0529871 0.776722 116.258 50649100000.0 -21.4181 1428 52998 239 1157140 1.0 1.0 2.3363673098401807 nan nan nan
8568 9102 290124 156.860600422 37.8770425174 0.0980773 0.952867 48.394 74731200000.0 -21.9475 1428 52998 88 1155596 1.0 1.0 2.3512218924433355 nan nan nan
8568 1901 289822 154.492431948 37.1815832021 0.0441818 0.824894 150.725 59708900000.0 -21.5455 1427 52996 212 1859763 1.0 1.0 0.771143482349537 nan nan nan
8568 3704 415795 156.797240573 36.867461631 0.0505406 0.915379 28.4391 14932300000.0 -20.5168 1957 53415 561 1855832 2.0 40.2 0.4338818988063305 nan nan nan
8568 3702 415695 155.356236597 36.3709931993 0.0531446 0.712742 40.8579 18990400000.0 -20.3415 1957 53415 411 1855797 1.0 1.0 2.499397002070783 nan nan nan
8568 12705 415812 156.560397898 37.4594095056 0.0219018 0.724253 75.0616 6547790000.0 -19.7807 1957 53415 590 1329835 2.0 49.21 0.4743703814015285 nan nan nan
8568 12703 290143 156.810365722 38.2045029032 0.0528405 0.91315 47.9439 8500580000.0 -20.4094 1428 52998 111 1179975 2.0 73.36 0.6987371568555956 nan nan nan
8568 3701 414819 154.636163224 36.26215187 0.0525294 0.769014 39.3767 19106100000.0 -20.47 1954 53357 530 1855767 1.0 1.0 2.1664678947989255 nan nan nan
8568 1902 289749 155.035764555 37.5440885175 0.0475775 0.873751 99.1867 11424400000.0 -19.7434 1427 52996 84 1155531 1.0 1.0 1.796410862878148 nan nan nan
8568 6101 579287 155.251009018 36.1518454582 0.0538453 0.561141 142.037 17786300000.0 -20.3441 3152 54801 495 -1 -1.0 -1.0 0.8746054599959537 nan nan nan
8568 9101 414879 155.580761111 36.5830378474 0.0259165 0.694728 176.914 33633800000.0 -20.9218 1954 53357 638 1855800 1.0 1.0 0.9983975182660678 nan nan nan
8568 12701 415816 156.428889515 37.4975251064 0.0431626 0.748054 120.832 5663020000.0 -19.0571 1957 53415 595 1178869 1.0 1.0 2.024808406829834 nan nan nan
8133 6104 399664 113.593160465 43.8912796041 0.0675931 0.646917 109.851 45119800000.0 -21.2068 1865 53312 631 1774465 1.0 1.0 2.1022705484349 nan nan nan
8133 3703 579698 113.08644382 43.6007728528 0.0568776 0.839961 117.644 31654000000.0 -20.8558 3659 55181 680 -1 -1.0 -1.0 2.2175004720310025 nan nan nan
8133 6102 399657 113.302861961 44.1067181578 0.0599336 0.533178 165.61 9802930000.0 -19.4906 1865 53312 623 1783715 2.0 34.96 0.5937861772017046 nan nan nan
8133 9102 399594 112.721756162 43.5007438516 0.143514 0.791096 34.2087 48174900000.0 -21.4338 1865 53312 522 1775959 1.0 1.0 1.1192518984798059 nan nan nan
8133 1901 399878 112.855930903 45.3094822197 0.0791705 0.853623 22.4799 3210470000.0 -17.6797 1866 53314 404 1786190 2.0 108.81 0.8444765228586099 nan nan nan
8133 6103 603311 113.284972917 44.5509699475 0.131113 0.803223 85.969 110718000000.0 -22.2124 5942 56210 700 -1 -1.0 -1.0 1.92365441490878 nan nan nan
8133 3704 399575 112.514768348 43.3791832689 0.0263614 0.314211 121.98 342758000.0 -18.1263 1865 53312 488 1775952 2.0 141.91 0.8982870569190826 nan nan nan
8133 3702 399882 112.654605418 45.21218635 0.0688029 0.669884 85.1339 96490100000.0 -22.0439 1866 53314 412 1786182 1.0 1.0 1.31500244140625 nan nan nan
8133 3701 399559 112.079253021 43.3021184405 0.0437045 0.750489 133.0 6123140000.0 -19.3117 1865 53312 459 1784927 2.0 21.44 0.6586841818591956 nan nan nan
8133 1902 358681 114.941878306 44.7590509996 0.0428736 0.640879 167.36 6512570000.0 -19.1315 1736 53052 389 1781252 1.0 1.0 2.482845030265583 nan nan nan
8133 12704 358665 114.775746822 44.4027654465 0.134471 0.519429 91.6942 106945000000.0 -22.2712 1866 53314 34 1781235 1.0 2.0 1.1615933053861789 nan nan nan
8133 6101 399658 113.355304783 44.1864789289 0.0556127 0.881787 112.332 26538600000.0 -20.7297 1865 53312 625 1783720 1.0 1.0 1.301618606134168 nan nan nan
8133 9101 399550 111.823845471 43.7848781245 0.0564511 0.656678 80.7237 27398700000.0 -20.7733 1865 53312 437 1786126 2.0 21.74 0.8947914821048901 nan nan nan
8133 12705 399724 113.747217977 43.4725190638 0.130943 0.899397 20.4233 86416900000.0 -22.3327 1866 53314 114 1772816 2.0 30.91 0.793975537950702 nan nan nan
8133 12703 358678 114.961862612 44.8043449928 0.0424132 0.677233 93.165 27569000000.0 -21.2627 1736 53052 383 1781249 1.0 -1.0 2.397008761553697 nan nan nan
9485 9101 75812 119.107354768 37.0582473205 0.0774518 0.840257 135.479 112971000000.0 -22.234 543 52017 11 435755 1.0 1.0 2.3233008129394266 nan nan nan
9485 12704 129255 119.882598143 37.8811718493 0.0422109 0.889017 75.0259 4851420000.0 -18.92 758 52253 334 474649 1.0 1.0 1.6466546393060064 nan nan nan
9485 12702 128791 121.146375974 35.9977434187 0.0187191 0.222456 18.5207 582170000.0 -17.6162 757 52238 14 834511 2.0 64.68 0.6762550103134066 nan nan nan
9485 6101 129044 120.447609463 36.2260578482 0.0719923 0.686041 57.9616 104933000000.0 -22.121 757 52238 533 466454 1.0 1.0 1.2890346971757574 nan nan nan
9485 1902 128786 120.711475847 35.7735595945 0.0405107 0.823754 104.802 50410000000.0 -21.3431 757 52238 5 834501 1.0 1.0 2.18807590432363 nan nan nan
9485 12703 129132 122.043473817 37.7629023594 0.0218013 0.567928 45.6656 6186140000.0 -19.5565 758 52253 95 466515 2.0 41.52 0.5463358899155593 nan nan nan
9485 3701 128979 119.532034412 36.8312692846 0.0392324 0.510054 83.5176 4109800000.0 -18.6735 757 52238 398 473412 2.0 20.13 0.8865643843863774 nan nan nan
9485 12705 162475 121.779937488 36.2334785413 0.0323135 0.619818 28.8252 32455900000.0 -21.1566 892 52378 394 826918 2.0 23.32 0.42239501599041424 nan nan nan
9485 3702 129030 120.075659949 37.6092531873 0.0415041 0.501396 134.533 6191750000.0 -19.2041 757 52238 510 473437 2.0 21.5 0.6364454531758248 nan nan nan
9485 6103 76129 120.132625014 37.8628713704 0.149622 0.817588 145.446 130568000000.0 -22.3941 544 52201 6 468264 1.0 1.0 2.360379484741569 nan nan nan
9485 3704 647164 122.247464028 36.6875143484 0.0304231 0.942643 127.585 38441100000.0 -21.0419 892 52378 321 826931 1.0 1.0 1.1562615494701745 nan nan nan
9485 1901 129202 120.778031862 37.0235574368 0.0712221 0.961223 140.401 27351200000.0 -21.4636 758 52253 234 467064 2.0 53.18 0.8022176781479193 nan nan nan
9485 9102 129194 121.080504667 37.7094315834 0.0188169 0.824953 102.764 464659000.0 -17.2485 758 52253 216 471931 2.0 286.67 1.043219215511658 nan nan nan
9485 6102 129144 121.406504036 36.3982971391 0.0891167 0.965653 73.1086 132357000000.0 -22.4107 758 52253 118 834524 1.0 1.0 2.5382259706907635 nan nan nan
9485 12701 76189 119.657109462 37.4830883777 0.040093 0.683331 118.971 39544900000.0 -21.1056 544 52201 122 468250 1.0 1.0 1.7370951501695824 nan nan nan
9485 6104 129170 121.273000921 37.6255983907 0.0328443 0.857037 156.195 15588800000.0 -20.1437 758 52253 167 467096 2.0 0.0 0.8616665131191038 nan nan nan
9485 3703 129065 120.76670425 36.2644893046 0.0441646 0.767939 135.686 6137880000.0 -19.3425 757 52238 572 469094 1.0 0.0 0.7430436381793231 nan nan nan
8937 12701 161563 117.146319291 30.1543656985 0.0270549 0.232773 121.068 7846860000.0 -19.4617 889 52663 504 830302 2.0 27.84 0.7667858631741596 10.15999984741211 361.9421547137365 252.94821039653178
8937 3704 212957 117.256312063 28.9594038806 0.0275678 0.810609 103.17 9447050000.0 -19.5373 1059 52618 448 -1 -1.0 -1.0 2.48627542797985 -999.0 -1705.9782198568337 -1705.9782198568337
8937 6103 213335 118.998275581 29.8320062313 0.0167859 0.689197 148.341 329795000.0 -17.1644 1060 52636 508 777609 2.0 78.86 0.8487410567735842 8.979999542236328 202.87782625367097 487.18280726221667
8937 3702 212941 117.152294105 28.8998806894 0.0269635 0.511504 104.939 3574060000.0 -18.519 1059 52618 419 -1 -1.0 -1.0 2.2609266217457367 -999.0 -1162.6000354682606 -1162.6000354682606
8937 1901 212927 116.997855346 29.1906894262 0.0267111 0.861609 79.7407 1704480000.0 -17.916 1059 52618 369 -1 -1.0 -1.0 1.683273349719101 9.09000015258789 102.44840112975946 291.5839109077769
8937 9102 154892 119.910133628 28.7460943949 0.0412586 0.884114 6.75862 4727440000.0 -19.3496 860 52319 297 863433 2.0 43.44 0.7800321523209064 -999.0 -2137.9444340697773 -2137.9444340697773
8937 3703 213116 118.496192035 29.5793914158 0.102483 0.7604 105.594 112114000000.0 -22.3955 1060 52636 113 804087 2.0 25.5 2.2151599847099757 nan nan nan
8937 6104 154867 119.955306621 28.9297506536 0.0492416 0.674065 170.974 50583800000.0 -21.4095 860 52319 254 847054 1.0 1.0 2.401760763855681 -999.0 -1352.4269936074706 -1352.4269936074706
8937 12703 154914 120.232680129 29.9226162028 0.0457277 0.289928 150.749 8078690000.0 -19.4694 860 52319 342 849637 2.0 21.59 0.8965316537153396 -999.0 -1043.8342902562458 -1043.8342902562458
8937 12705 646901 118.36085 29.35946 0.0602651 0.867501 149.711 134194000000.0 -22.3522 0 0 0 -1 -1.0 -1.0 2.245563755373983 nan nan nan
8937 9101 622163 117.22209749 28.9016244096 0.0271522 0.889413 96.5173 1329580000.0 -21.2486 0 0 0 -1 -1.0 -1.0 2.261500286233836 -999.0 -2185.4959211608916 -2185.4959211608916
8937 6101 589431 118.378262546 28.3140623488 0.0597799 0.800466 8.9332 32948300000.0 -20.9225 4453 55535 618 -1 -1.0 -1.0 1.8100956014917986 nan nan nan
8937 12704 646919 118.63755 29.710836 0.0166616 0.40187 149.901 1955480000.0 -18.6696 0 0 0 -1 -1.0 -1.0 0.7472853982902755 9.59000015258789 241.34628040781493 327.61938516897953
8937 12702 589429 118.05450372 28.7585095092 0.0639803 0.861238 19.4134 56788200000.0 -21.5415 4453 55535 564 -1 -1.0 -1.0 2.355862219356796 nan nan nan
8937 1902 213022 117.860481432 28.2342173929 0.0226821 0.588133 157.066 9929850000.0 -19.5712 1059 52618 598 -1 -1.0 -1.0 1.0699705428895063 -999.0 -1235.2178386231037 -1235.2178386231037
8937 3701 646861 117.310556938 28.6115938934 0.0275024 0.622521 22.559 17383500000.0 -20.2019 1059 52618 539 -1 -1.0 -1.0 2.454243524492949 -999.0 -1276.5091349296165 -1276.5091349296165
8550 6102 223515 247.075392755 39.1864319901 0.0265494 0.356888 78.1366 2667490000.0 -18.365 1173 52790 365 -1 -1.0 -1.0 1.535709784085832 nan nan nan
8550 6104 143465 248.41315 39.25763 0.0314747 0.41841 73.9494 13156300000.0 -20.1197 817 52381 310 547989 1.0 1.0 0.9370729925578873 nan nan nan
8550 3703 223052 246.749012651 39.3201236818 0.0297141 0.453392 160.412 16150500000.0 -20.1326 1172 52759 181 1007181 1.0 1.0 1.8660173087284482 nan nan nan
8550 9102 223277 247.209058618 39.83508743 0.0358501 0.961728 104.153 27627200000.0 -21.066 1172 52759 509 563429 2.0 17.36 0.4408101112611832 nan nan nan
8550 3702 223221 246.460385316 39.890418889 0.0289444 0.42356 170.844 9611870000.0 -19.5396 1172 52759 427 1016453 1.0 1.0 2.3699329689280964 nan nan nan
8550 6103 223367 247.638690535 39.8307262255 0.0245559 0.818606 124.52 14464600000.0 -20.1988 1172 52759 630 1011657 2.0 19.71 0.37512670934822095 nan nan nan
8550 3704 223593 248.426385752 39.1851196817 0.0298414 0.898815 15.287 14798900000.0 -20.1909 1173 52790 567 547995 2.0 19.47 0.8468759751178809 nan nan nan
8550 1901 633354 246.085601674 39.1775258138 0.0300708 0.91426 156.892 6199500000.0 -19.0788 0 0 0 -1 -1.0 -1.0 2.189667521731954 nan nan nan
8550 12701 223222 246.358721827 39.8706971974 0.0290289 0.676832 91.521 60435700000.0 -21.5631 1172 52759 428 1016449 1.0 1.0 1.1230451348672488 nan nan nan
