DRPall-master_file.txt
# %ECSV 0.9
# ---
# datatype:
# - {name: MaNGA_plate, datatype: int64}
# - {name: MaNGA_IFU, datatype: int64}
# - {name: NSAID, datatype: int64}
# - {name: ra, unit: deg, datatype: float64}
# - {name: dec, unit: deg, datatype: float64}
# - {name: redshift, datatype: float64}
# - {name: ba, datatype: float64}
# - {name: phi, unit: deg, datatype: float64}
# - {name: Mstar, unit: solMass, datatype: float64}
# - {name: rabsmag, datatype: float64}
# - {name: plate, datatype: int64}
# - {name: MJD, datatype: int64}
# - {name: fiberID, datatype: int64}
# - {name: index, datatype: int64}
# - {name: imc, datatype: float64}
# - {name: aimc, datatype: float64}
# - {name: smoothness_score, datatype: float64}
# - {name: logHI, unit: dex(solMass), datatype: float64}
# - {name: WF50, unit: km / s, datatype: float64}
# - {name: WP20, unit: km / s, datatype: float64}
# meta: !!omap
# - __serialized_columns__:
#     Mstar:
#       __class__: astropy.units.quantity.Quantity
#       unit: !astropy.units.Unit {unit: solMass}
#       value: !astropy.table.SerializedColumn {name: Mstar}
#     WF50:
#       __class__: astropy.units.quantity.Quantity
#       unit: !astropy.units.Unit {unit: km / s}
#       value: !astropy.table.SerializedColumn {name: WF50}
#     WP20:
#       __class__: astropy.units.quantity.Quantity
#       unit: !astropy.units.Unit {unit: km / s}
#       value: !astropy.table.SerializedColumn {name: WP20}
#     dec:
#       __class__: astropy.units.quantity.Quantity
#       unit: &id001 !astropy.units.Unit {unit: deg}
#       value: !astropy.table.SerializedColumn {name: dec}
#     logHI:
#       __class__: astropy.units.function.logarithmic.Dex
#       unit: !astropy.units.Unit {unit: dex(solMass)}
#       value: !astropy.table.SerializedColumn {name: logHI}
#     phi:
#       __class__: astropy.units.quantity.Quantity
#       unit: *id001
#       value: !astropy.table.SerializedColumn {name: phi}
#     ra:
#       __class__: astropy.units.quantity.Quantity
#       unit: *id001
#       value: !astropy.table.SerializedColumn {name: ra}
# schema: astropy-2.0
MaNGA_plate MaNGA_IFU NSAID ra dec redshift ba phi Mstar rabsmag plate MJD fiberID index imc aimc smoothness_score logHI WF50 WP20
[from data line 3676]
7495 9101 484685 204.884835757 27.1071467218 0.0324076 0.89545 87.2703 651806000.0 -18.0102 2246 53767 376 2229737 2.0 67.84 0.7930147620848352 -999.0 -2244.126340484244 -2244.126340484244
7495 1902 484683 205.044768573 26.8410410581 0.0318073 0.557985 21.7308 2919380000.0 -18.2907 2246 53767 374 2243841 1.0 2.0 0.9692987632175226 -999.0 -1203.8305168516888 -1203.8305168516888
7495 3701 484174 203.943543846 26.1017908542 0.0670065 0.860503 158.729 38796600000.0 -21.4036 2245 54208 118 1990987 2.0 30.81 0.407909843865342 nan nan nan
7495 12701 676508 204.57951601 26.1984249967 0.0612091 0.761878 130.823 19088900000.0 -20.7819 0 0 0 -1 -1.0 -1.0 1.2781225305316093 nan nan nan
8481 9101 96097 236.15255855 54.2093311396 0.0664669 0.84483 46.7521 36144800000.0 -21.1097 616 52442 600 532356 1.0 1.0 2.1689595449131165 nan nan nan
8481 6101 97007 238.820533349 53.8074462429 0.0647106 0.873191 70.9451 36396000000.0 -21.0306 619 52056 313 500323 1.0 1.0 1.6745431082589286 nan nan nan
8481 12701 96125 236.761272589 54.340901023 0.0668922 0.824094 131.512 43793200000.0 -21.2703 616 52442 638 533514 2.0 20.01 0.8103512836899516 nan nan nan
8481 3701 96766 238.105616365 53.7328284758 0.0436736 0.334405 63.9344 5368640000.0 -19.3015 618 52049 558 220378 2.0 27.79 0.42185918296255714 nan nan nan
8481 1902 96686 237.653858933 53.3906219728 0.0650662 0.540568 106.16 34905300000.0 -21.1027 618 52049 439 216995 2.0 19.72 0.5933081485162154 nan nan nan
8481 12703 96168 237.582742958 56.1319811738 0.0661473 0.973022 62.4135 39834300000.0 -21.338 617 52072 78 252448 2.0 23.06 0.9346146625606261 nan nan nan
8481 12705 97121 240.24687 54.73081 0.0429455 0.267493 56.1678 7619390000.0 -19.8025 619 52056 537 502741 2.0 39.65 0.6345796067906047 nan nan nan
8481 3704 96902 240.186697059 53.7755312455 0.110132 0.721262 98.3362 90103000000.0 -22.0567 619 52056 109 250411 1.0 1.0 1.949049233490566 nan nan nan
8481 3702 96934 239.339148027 54.6710733079 0.0469388 0.913868 45.561 93838500000.0 -22.2021 619 52056 158 501806 1.0 1.0 2.4514170786465894 nan nan nan
8481 9102 96103 236.533286678 55.1686413552 0.0407757 0.920736 94.4015 4035810000.0 -19.009 616 52442 610 500265 2.0 96.85 0.8733731747403809 nan nan nan
8481 12704 97119 239.98915475 54.8199385353 0.0660105 0.890832 120.021 27263000000.0 -21.2601 619 52056 534 252506 2.0 40.99 0.6171862059684188 nan nan nan
8481 12702 97034 237.304843731 55.0888339777 0.0465559 0.255049 171.48 10773500000.0 -19.9864 619 52056 364 248231 2.0 28.9 0.6903457488092618 nan nan nan
8481 3703 97106 238.945129679 56.1255500747 0.04201 0.653239 176.911 7683620000.0 -19.3444 619 52056 512 254535 1.0 1.0 2.1675953292069754 nan nan nan
8481 6104 612821 240.367914805 53.9364085499 0.106607 0.818319 165.058 138067000000.0 -22.4905 6709 56429 77 -1 -1.0 -1.0 2.38253541765846 nan nan nan
8481 6102 96932 239.554209025 54.6155620453 0.0468873 0.661598 99.3982 12138400000.0 -19.9479 619 52056 156 501816 2.0 0.0 1.569578357399202 nan nan nan
8486 9102 141811 239.030589848 48.0308761201 0.0189045 0.740501 50.0578 2530680000.0 -18.4815 812 52352 87 554211 2.0 42.81 1.1596910371555118 nan nan nan
8486 12701 221714 235.79840127 47.7536483573 0.0381753 0.632219 129.327 52681000000.0 -21.4404 1168 52731 332 1016161 2.0 15.71 0.5480108461373099 nan nan nan
8486 6102 141892 238.046893627 48.0439162921 0.0193267 0.452976 156.27 2057180000.0 -18.1175 812 52352 243 552668 2.0 22.28 0.9012040380766013 nan nan nan
8486 3703 141815 238.881357667 47.677310104 0.0183248 0.75216 132.754 905551000.0 -17.0957 812 52352 91 536456 1.0 2.0 2.3705405777518296 nan nan nan
8486 6104 141790 239.195689664 47.9955208307 0.0174718 0.390132 9.31836 3553620000.0 -18.5466 812 52352 55 554220 1.0 1.0 1.7027694674047538 nan nan nan
8486 1901 141876 238.448582292 47.4049584412 0.0185601 0.667273 116.255 1684330000.0 -17.9783 812 52352 203 1013354 2.0 19.27 1.3645553401412776 nan nan nan
8486 3702 221237 235.774934746 48.3787977269 0.0381032 0.617139 129.416 2659250000.0 -18.3737 1167 52738 61 1017392 1.0 1.0 2.0192547966452206 nan nan nan
8486 3704 221789 236.299300223 47.0497223315 0.115634 0.723936 126.056 88476800000.0 -22.0252 1168 52731 462 1006819 1.0 1.0 1.2178091165075944 nan nan nan
8486 6103 141818 238.891298957 48.0223923799 0.0195194 0.662078 24.6877 2765720000.0 -18.3257 812 52352 95 554209 1.0 1.0 2.3328939848774115 nan nan nan
8486 12703 685765 236.02959 47.29463 0.0198624 0.255948 87.8174 1491250000.0 -18.0987 1168 52731 421 1006813 2.0 31.05 0.9861451210872504 nan nan nan
8486 12705 604700 238.141414586 46.3399286819 0.0606136 0.551669 78.4393 26933400000.0 -20.9365 6033 56069 542 -1 -1.0 -1.0 1.437644496338133 nan nan nan
8486 3701 221207 236.092836031 47.8535814068 0.128998 0.888362 166.555 114616000000.0 -22.2649 1167 52738 18 1008950 1.0 1.0 2.226507859002976 nan nan nan
8486 1902 141859 239.334163047 48.2072621316 0.0195435 0.902851 126.624 6640020000.0 -19.1319 812 52352 152 537027 1.0 1.0 2.557409481126435 nan nan nan
8486 9101 141848 238.718472619 47.8808922742 0.0182938 0.627185 47.035 1729650000.0 -18.0891 812 52352 136 536448 2.0 20.9 1.388893514184908 nan nan nan
8486 12704 221577 238.261763229 46.7679973877 0.0195055 0.365041 81.0499 1202060000.0 -17.7712 1168 52731 73 1017464 2.0 27.5 1.0452214464053533 nan nan nan
8486 12702 221710 235.915585864 47.6674434208 0.0378855 0.837388 73.0755 1645380000.0 -18.6232 1168 52731 327 1016173 2.0 60.16 0.9318800408768033 nan nan nan
8486 6101 221600 238.039552922 46.3197897317 0.0588702 0.73052 80.6525 26997700000.0 -21.0427 1168 52731 105 1016219 2.0 20.08 0.9743943502593675 nan nan nan
8444 6101 444925 202.933687152 32.6353715131 0.0371264 0.753527 152.919 2421120000.0 -18.2374 2109 53468 266 1896169 1.0 2.0 1.501382497030879 -999.0 -1519.5835514690036 -1519.5835514690036
8444 9101 446191 200.644924623 33.1570944949 0.0368936 0.376847 0.0327454 24824500000.0 -20.5518 2112 53534 465 1918715 2.0 15.59 1.307026618083004 -999.0 -1078.5127952099404 -1078.5127952099404
8444 1902 444940 202.508845323 31.776693291 0.0240957 0.652792 76.8487 1283790000.0 -17.7397 2109 53468 289 1951791 2.0 21.95 1.2284622768911366 -999.0 -1318.7471242937784 -1318.7471242937784
8444 12701 445936 201.656942881 31.666750115 0.0168134 0.774444 175.9 807588000.0 -17.6052 2112 53534 52 1939946 2.0 44.63 1.241933225235849 -999.0 -1579.0909594983516 -1579.0909594983516
8444 3701 443371 201.140522862 31.5463794808 0.0231736 0.536161 75.0134 9865580000.0 -19.6745 2104 53852 609 1949893 1.0 2.0 0.6987372083640276 -999.0 -1183.4869946936064 -1183.4869946936064
8444 3702 445964 201.40956639 31.9939121951 0.0245389 0.505184 31.1138 1372640000.0 -17.774 2112 53534 93 1951751 2.0 40.49 0.7762355201454607 -999.0 -1157.574162359812 -1157.574162359812
8444 12702 445986 201.649438331 32.7609141514 0.0245152 0.480588 147.141 1674360000.0 -18.3831 2112 53534 120 1916021 2.0 58.81 0.7427618339059282 9.460000038146973 240.60760670592177 85.52403081964043
8444 3704 445415 202.459179596 31.4210139645 0.0247022 0.750937 79.0589 2465400000.0 -18.2831 2110 53467 482 1949936 2.0 20.76 1.0681017719521735 -999.0 -1512.7794652892082 -1512.7794652892082
8444 12704 445984 201.762834226 32.6493084716 0.0356277 0.300107 148.646 2794600000.0 -18.3275 2112 53534 116 1916025 2.0 21.12 0.6347434590482466 -999.0 -1047.2735014101067 -1047.2735014101067
8444 6103 674875 200.441575183 33.1828044363 0.0373855 0.569715 101.756 18965700000.0 -20.3849 2112 53534 430 1918710 1.0 1.0 2.288253879974776 -999.0 -1215.5616241976165 -1215.5616241976165
8444 1901 444957 202.628354582 32.6237092027 0.036935 0.796191 78.7208 2279320000.0 -18.6183 2109 53468 319 1916047 2.0 45.98 0.8164460358796296 -999.0 -1651.115867959375 -1651.115867959375
8444 6102 445976 201.743029603 32.5365141139 0.0254602 0.481683 32.6857 11819200000.0 -19.9384 2112 53534 108 1941830 2.0 27.29 0.4937966755663621 9.760000228881836 451.8765561723528 308.0976519356951
8444 12705 675879 202.687758714 32.7605525124 0.0155875 0.904414 90.276 1931830000.0 -18.5299 0 0 0 -1 -1.0 -1.0 1.4875495091309274 9.680000305175781 100.78377671749465 410.16653315259447
8444 3703 444874 203.31737392 32.5218709369 0.0352645 0.941529 171.78 3006680000.0 -18.3792 2109 53468 194 1916075 1.0 1.0 2.3126392988247635 -999.0 -2964.9903661436165 -2964.9903661436165
8444 12703 446260 201.411105292 33.6804328237 0.0389689 0.83081 10.0165 32638400000.0 -21.3928 2112 53534 568 1898158 2.0 32.65 0.38913468183097194 10.15999984741211 513.8744795835181 450.9877425715491
8444 6104 444902 203.246370466 32.3204465748 0.0347615 0.824147 98.6046 22111900000.0 -20.5028 2109 53468 230 1941853 1.0 1.0 1.146217207273079 -999.0 -1763.8460658475176 -1763.8460658475176
8444 9102 446024 201.084201517 32.848118803 0.0388656 0.820307 92.1244 63008200000.0 -21.7179 2112 53534 174 1916005 1.0 1.0 0.6328896259653264 10.260000228881836 762.3397932093486 674.9155049972674
8443 3703 446674 207.422025214 26.7170456168 0.0665696 0.653639 41.3387 91535000000.0 -22.0928 2114 53848 95 2010136 1.0 1.0 2.4469191459760276 nan nan nan
8443 6104 678214 208.388300224 24.8752389123 0.0303522 0.556374 121.677 32321600000.0 -20.8681 2115 53535 2 2004004 1.0 1.0 1.6023572756920332 -999.0 -1202.2644595909358 -1202.2644595909358
8443 6102 447249 207.061565491 24.7777196101 0.0274142 0.778284 24.4557 15534300000.0 -20.1222 2115 53535 253 1988060 1.0 1.0 1.1366539836379717 9.699999809265137 305.77512388540066 388.5892199376967
8443 9102 447254 207.142413876 24.8915949163 0.0297159 0.318327 46.5705 3368070000.0 -18.5977 2115 53535 267 2003942 2.0 32.76 0.8055232220970308 9.600000381469727 366.04110280109234 363.9313558108843
8443 3704 447187 207.583860798 24.9359394591 0.0303094 0.549602 85.8784 4541380000.0 -19.0247 2115 53535 164 2003970 2.0 35.01 0.6811898259206431 9.880000114440918 244.1866161596 234.61067042785098
8443 6103 677449 206.769038498 24.9964830166 0.029141 0.911408 154.72 10329600000.0 -20.1392 2115 53535 320 2003932 2.0 32.67 0.5556511684114784 9.960000038146973 335.3552685356665 452.0005793306809
8443 3702 447386 207.067074342 25.7334869762 0.0369994 0.87178 86.8897 32843600000.0 -20.8858 2115 53535 468 1991091 1.0 1.0 1.510593042618189 -999.0 -2039.2017759549592 -2039.2017759549592
8443 1901 447174 207.769207404 25.0830829578 0.0294147 0.966453 40.162 16387600000.0 -20.1375 2115 53535 149 1989263 1.0 1.0 2.314799047715171 9.630000114440918 1662.4907793551397 342.6210505462583
8443 12701 630664 207.326358419 24.0968478145 0.0210012 0.521717 25.1028 1482920000.0 -18.6011 0 0 0 -1 -1.0 -1.0 2.146117841295941 -999.0 -1170.997774503942 -1170.997774503942
8443 12702 604143 206.972769752 25.5670000174 0.0510219 0.868321 51.0826 18375300000.0 -20.5358 6002 56104 24 -1 -1.0 -1.0 0.843304233825616 -999.0 -2014.1020926550034 -2014.1020926550034
8443 1902 448783 208.522520945 24.9666273788 0.0299476 0.512358 90.0234 8146180000.0 -19.3513 2119 53792 303 1989304 1.0 1.0 1.3899755150787434 -999.0 -1163.2890291678136 -1163.2890291678136
8443 12704 447211 207.468927556 25.190877982 0.0290939 0.937747 1.07802 26288800000.0 -20.7545 2115 53535 197 1989241 2.0 19.85 0.901559714795009 9.640000343322754 786.0206718942043 950.1348781138734
8443 3701 447256 207.074291887 25.1238885413 0.0297475 0.6253 95.343 24521400000.0 -20.5579 2115 53535 269 1989220 1.0 1.0 1.3388761117003916 -999.0 -1280.1382490815847 -1280.1382490815847
8443 12705 448759 208.592091639 25.1530840333 0.029068 0.475685 52.8444 21693800000.0 -20.5643 2119 53792 273 2005102 2.0 20.66 0.6072842046475639 9.579999923706055 243.2880630137315 128.46519215211055
8443 12703 447095 208.260195394 24.5601927813 0.0569421 0.53294 117.853 52326600000.0 -21.7554 2115 53535 41 1988115 2.0 29.38 0.5345841727147603 10.699999809265137 660.6369979803137 140.6364986755945
8443 6101 630696 207.628850166 24.9766234294 0.0296739 0.914444 60.9399 32467200000.0 -20.8833 0 0 0 -1 -1.0 -1.0 1.1023222222385636 9.779999732971191 575.7173948645508 145.7825162961738
8443 9101 630587 206.016983541 25.6635132875 0.048591 0.57774 52.6943 51274900000.0 -21.5581 2246 53767 64 2004991 2.0 21.36 0.8553810328082309 -999.0 -1223.933433806604 -1223.933433806604
8625 12703 25839 259.682229019 58.1351167645 0.0290814 0.543346 95.5233 36660800000.0 -21.0741 355 51788 532 203376 2.0 20.36 0.5823243596681097 nan nan nan
8625 12705 26072 261.706139018 56.8107818784 0.0293944 0.578081 146.814 6648820000.0 -19.2382 358 51818 394 1020811 2.0 24.21 1.970302389931009 nan nan nan
8625 3704 25544 260.386495726 56.9888518274 0.0300622 0.827462 121.13 12137400000.0 -19.7961 355 51788 68 203419 1.0 1.0 2.577746035447761 nan nan nan
8625 6103 25780 257.957483738 57.5895443348 0.0299956 0.926096 177.533 49543300000.0 -21.3106 355 51788 440 199275 1.0 1.0 1.1944848324691444 nan nan nan
8625 3702 25809 258.723496416 57.6733287824 0.0274584 0.95382 171.637 16096600000.0 -20.1679 355 51788 482 199769 1.0 1.0 2.4216635234494457 nan nan nan
8625 1901 25645 258.430113376 57.1883839927 0.0289466 0.943376 4.13168 2473830000.0 -18.3353 355 51788 239 202424 2.0 30.73 1.139843367645193 nan nan nan
8625 9102 25805 258.711260975 57.5702967865 0.0268244 0.717831 90.2238 6604090000.0 -19.6163 355 51788 477 199774 2.0 54.63 0.6501842418590466 nan nan nan
8625 12702 25851 259.240574906 57.479979764 0.0284317 0.394045 118.607 8782430000.0 -19.7596 355 51788 553 202890 2.0 39.77 0.8540965154781776 nan nan nan
8625 3703 25587 259.376307236 57.0681032516 0.0279906 0.563143 50.7117 3856480000.0 -18.6706 355 51788 145 202912 2.0 19.17 1.3638217502170138 nan nan nan
8625 6104 25894 260.584258385 57.6121550998 0.026712 0.558572 110.429 4854470000.0 -18.9932 355 51788 630 203911 2.0 19.41 0.8592381763372874 nan nan nan
8625 6102 25641 258.354609835 57.1329636205 0.0288427 0.43348 11.7346 916020000.0 -17.7109 355 51788 235 202428 2.0 25.69 0.9910816865808824 nan nan nan
8625 12701 25669 257.957539798 57.1109334787 0.0303001 0.548522 114.919 21016500000.0 -20.4056 355 51788 273 199298 1.0 1.0 1.6441321832023577 nan nan nan
8625 9101 25859 259.833229539 57.9002793791 0.0289486 0.495626 6.29558 12625300000.0 -19.8848 355 51788 571 203386 2.0 24.14 1.1064112799025398 nan nan nan
8625 6101 25656 257.951198065 56.8671383427 0.0175408 0.812434 120.2 585297000.0 -17.4857 355 51788 256 201910 2.0 58.74 0.8932359142718802 nan nan nan
8625 1902 25618 258.820261368 57.3294323252 0.0262367 0.649383 176.649 2386700000.0 -18.1007 355 51788 193 199817 1.0 1.0 2.558949677840523 nan nan nan
8625 3701 25614 258.656838948 57.3054170144 0.0281267 0.754308 23.3749 20189400000.0 -20.3437 355 51788 184 199805 1.0 1.0 2.4612297487642425 nan nan nan
8241 12705 647577 127.632008288 18.206109898 0.0268904 0.490721 10.9853 8301080000.0 -19.7624 2273 53709 572 2130358 2.0 32.21 1.0940015880120746 nan nan nan
8241 12703 487448 126.671767765 17.8386878658 0.0289398 0.327553 10.4814 12963500000.0 -20.0541 2273 53709 177 2177744 2.0 18.62 0.7220083550992713 10.319999694824219 437.11437322009004 96.31333647222323
8241 3701 486840 126.332735526 17.4820439484 0.0889922 0.902813 166.95 67569000000.0 -21.7159 2271 53726 114 2130285 1.0 1.0 2.280577226118608 nan nan nan
8241 1902 486990 125.272797636 17.8198178758 0.0382788 0.68778 96.5471 1855410000.0 -18.8105 2271 53726 493 2131651 2.0 177.7 0.8619084712698591 9.6899995803833 247.96148424840786 304.4416001049896
8241 9101 487425 126.898019245 17.9185088062 0.0590158 0.573836 93.8439 27284300000.0 -20.8758 2273 53709 144 2177762 2.0 25.97 0.7489949662900874 -999.0 -1219.8245526349501 -1219.8245526349501
8241 12702 486988 125.218759546 18.0155438427 0.0437638 0.437823 150.143 7072310000.0 -19.2499 2271 53726 487 2163146 2.0 19.79 1.1748772662618885 nan nan nan
8241 12704 487016 125.915151366 18.29996445 0.0192924 0.53779 141.724 1705260000.0 -19.5319 2271 53726 535 2131680 2.0 130.61 0.7182986962534216 nan nan nan
