DRPall-master_file.txt
# %ECSV 0.9
# ---
# datatype:
# - {name: MaNGA_plate, datatype: int64}
# - {name: MaNGA_IFU, datatype: int64}
# - {name: NSAID, datatype: int64}
# - {name: ra, unit: deg, datatype: float64}
# - {name: dec, unit: deg, datatype: float64}
# - {name: redshift, datatype: float64}
# - {name: ba, datatype: float64}
# - {name: phi, unit: deg, datatype: float64}
# - {name: Mstar, unit: solMass, datatype: float64}
# - {name: rabsmag, datatype: float64}
# - {name: plate, datatype: int64}
# - {name: MJD, datatype: int64}
# - {name: fiberID, datatype: int64}
# - {name: index, datatype: int64}
# - {name: imc, datatype: float64}
# - {name: aimc, datatype: float64}
# - {name: smoothness_score, datatype: float64}
# - {name: logHI, unit: dex(solMass), datatype: float64}
# - {name: WF50, unit: km / s, datatype: float64}
# - {name: WP20, unit: km / s, datatype: float64}
# meta: !!omap
# - __serialized_columns__:
#     Mstar:
#       __class__: astropy.units.quantity.Quantity
#       unit: !astropy.units.Unit {unit: solMass}
#       value: !astropy.table.SerializedColumn {name: Mstar}
#     WF50:
#       __class__: astropy.units.quantity.Quantity
#       unit: !astropy.units.Unit {unit: km / s}
#       value: !astropy.table.SerializedColumn {name: WF50}
#     WP20:
#       __class__: astropy.units.quantity.Quantity
#       unit: !astropy.units.Unit {unit: km / s}
#       value: !astropy.table.SerializedColumn {name: WP20}
#     dec:
#       __class__: astropy.units.quantity.Quantity
#       unit: &id001 !astropy.units.Unit {unit: deg}
#       value: !astropy.table.SerializedColumn {name: dec}
#     logHI:
#       __class__: astropy.units.function.logarithmic.Dex
#       unit: !astropy.units.Unit {unit: dex(solMass)}
#       value: !astropy.table.SerializedColumn {name: logHI}
#     phi:
#       __class__: astropy.units.quantity.Quantity
#       unit: *id001
#       value: !astropy.table.SerializedColumn {name: phi}
#     ra:
#       __class__: astropy.units.quantity.Quantity
#       unit: *id001
#       value: !astropy.table.SerializedColumn {name: ra}
# schema: astropy-2.0
MaNGA_plate MaNGA_IFU NSAID ra dec redshift ba phi Mstar rabsmag plate MJD fiberID index imc aimc smoothness_score logHI WF50 WP20
[from data line 876]
9510 9102 244084 127.202157103 28.9205030761 0.0299483 0.937305 77.426 8310490000.0 -19.7336 1267 52932 523 1098018 2.0 38.34 0.7330074435217254 9.479999542236328 413.18737114440626 312.75988510236306
9510 3703 244113 127.592566376 28.0919315128 0.0404229 0.838084 46.1234 3728680000.0 -18.5649 1267 52932 590 1096917 1.0 1.0 2.1345091290802127 -999.0 -1831.2090571621782 -1831.2090571621782
9510 6104 231479 127.20001511 29.5143273716 0.0783217 0.937083 142.931 52703800000.0 -21.5349 1207 52672 639 1095991 1.0 1.0 2.0889483647651703 nan nan nan
9510 6102 244049 126.646908042 28.2374723675 0.0552284 0.549209 64.6147 24753700000.0 -20.7278 1267 52932 466 1090162 2.0 21.09 1.3217423763492115 10.029999732971191 138.8082775500463 354.2004323690837
9510 1901 244069 126.778482539 27.7717629614 0.0203841 0.771517 135.601 239056000.0 -16.5048 1267 52932 499 1088748 1.0 2.0 1.3253118625679927 8.979999542236328 168.18380327517198 334.7957953047816
9510 12701 622507 125.87444 27.13638 0.0237064 0.770055 43.7896 4901420000.0 -19.7038 0 0 0 -1 -1.0 -1.0 0.6898374897607213 9.529999732971191 316.6255838094496 181.8245926826542
9510 3704 243928 126.384623178 27.6087093682 0.01958 0.976354 172.912 1533030000.0 -17.9652 1267 52932 177 1088735 1.0 2.0 1.5621506592751793 -999.0 -4621.194811649412 -4621.194811649412
9510 6103 244284 127.511819926 29.2831296116 0.0496643 0.921374 75.3093 8952850000.0 -20.613 1268 52933 356 1098029 2.0 74.6 0.9150491661376035 10.1899995803833 169.80672647476038 694.6638810331107
9510 3702 244038 127.019573204 28.5503339298 0.0548601 0.794027 21.639 9680880000.0 -20.1481 1267 52932 443 1090174 2.0 52.98 0.6005795764191376 -999.0 -1643.4097284278114 -1643.4097284278114
9510 3701 243858 126.587726525 26.7067659933 0.0450699 0.593767 49.8742 6737310000.0 -19.3959 1267 52932 2 1144465 2.0 20.55 1.787040339463861 -999.0 -1241.5535987194055 -1241.5535987194055
9510 1902 244124 127.70928353 28.5768407272 0.0658259 0.81212 151.715 44096900000.0 -21.2955 1267 52932 618 1088793 1.0 2.0 2.0563356077516235 nan nan nan
9510 12702 243973 125.70373 27.71532 0.0197461 0.404378 90.3348 800588000.0 -17.8049 1267 52932 276 1090135 2.0 50.26 0.9294739337124147 9.789999961853027 242.73119859697272 143.23327484776317
9510 12704 647514 127.002752419 28.2681725072 0.0936142 0.746748 137.513 153893000000.0 -22.7045 4455 55539 812 -1 -1.0 -1.0 2.3342927214387177 nan nan nan
9510 9101 244065 126.784081042 27.8104519653 0.0202794 0.49944 13.9161 3217420000.0 -18.7621 1267 52932 494 1088747 2.0 24.47 0.8789386832801095 8.979999542236328 123.50688278572602 245.85949563887516
9510 6101 647593 127.853233749 27.5800054391 0.0196494 0.257684 132.212 2287080000.0 -19.0753 1267 52932 26 1144497 2.0 67.71 0.8684100160504332 9.880000114440918 241.14360119491167 203.88536238368067
9510 12705 316259 127.027493024 26.9118288966 0.0944037 0.687287 44.8262 152512000000.0 -22.5791 1586 52945 396 1154366 1.0 1.0 2.140497661271809 nan nan nan
9510 12703 244327 128.026434789 29.2362513135 0.0784647 0.596248 17.1219 43183500000.0 -21.6086 1268 52933 439 1090208 2.0 30.26 0.4696909642666414 nan nan nan
8258 6101 294596 168.015359771 42.669794885 0.0213349 0.854212 112.241 400156000.0 -17.7254 1439 53003 403 1226991 2.0 91.73 0.7165511740777726 -999.0 -1921.4314965230851 -1921.4314965230851
8258 9101 625791 165.45434119 44.4481335854 0.0367555 0.730342 114.619 22037200000.0 -20.8312 0 0 0 -1 -1.0 -1.0 0.5348662286604912 nan nan nan
8258 12701 271164 165.935105977 43.8577781252 0.0254569 0.497964 118.98 5232710000.0 -19.4289 1363 53053 449 1248595 2.0 45.96 0.5812945415378092 nan nan nan
8258 1902 271365 167.9737077 43.5666663336 0.0248235 0.771833 69.1066 3874230000.0 -18.8201 1364 53061 157 1231533 2.0 22.73 0.6140743157802484 -999.0 -1571.1862836015512 -1571.1862836015512
8258 3701 271156 165.570030751 44.33518369 0.0246067 0.848953 58.3675 2336230000.0 -18.8859 1363 53053 428 1250777 2.0 97.84 0.48296509580698765 9.779999732971191 702.028788398166 732.30496256089
8258 6103 271266 167.60274843 43.8286971943 0.0752122 0.802897 131.145 92544200000.0 -22.0437 1363 53053 611 1246490 1.0 1.0 2.281839593896256 nan nan nan
8258 3704 271485 167.025035738 43.8946110815 0.0584715 0.606639 76.8865 7346810000.0 -20.744 1363 53053 530 1233991 2.0 105.87 0.47037752698513374 nan nan nan
8258 3702 293260 165.853154589 45.0054931236 0.0249306 0.918411 56.5036 740092000.0 -17.3336 1436 53054 93 1063277 2.0 34.35 1.1120729621626886 nan nan nan
8258 1901 293220 166.620758182 44.8509015149 0.021032 0.704367 149.314 2058970000.0 -18.2887 1436 53054 8 1167713 2.0 45.76 0.6071164686073284 9.229999542236328 315.56585451964713 332.47116815462823
8258 12703 271567 168.118826692 44.1586499485 0.0660807 0.337487 41.9667 26905800000.0 -21.0974 1364 53061 496 1234062 2.0 44.44 0.5834593688685416 nan nan nan
8258 12705 270968 167.15437657 43.0042373453 0.0498934 0.56032 9.27898 15305000000.0 -20.306 1363 53053 85 1228994 2.0 23.26 0.8838329173900463 nan nan nan
8258 6104 271262 167.898754463 43.5913134549 0.061473 0.580616 109.702 35673900000.0 -21.0104 1363 53053 605 1231537 1.0 1.0 2.035536129041988 nan nan nan
8258 3703 271496 167.096241491 44.150323789 0.0587373 0.932408 168.342 80732500000.0 -21.8946 1364 53061 401 1248632 1.0 1.0 2.4776671430655774 nan nan nan
8258 6102 270975 167.103856416 43.0129618855 0.04935 0.737409 68.8293 55522800000.0 -21.4511 1363 53053 94 1228985 1.0 1.0 1.1438669166506163 nan nan nan
8258 12704 271272 167.776507023 43.6330113334 0.0250287 0.660178 125.466 39974100000.0 -21.1595 1363 53053 617 1231530 2.0 15.88 0.4329679470564371 nan nan nan
8258 12702 271537 167.329258624 43.8747567427 0.0212478 0.351659 116.593 997318000.0 -18.2927 1364 53061 457 1234032 2.0 58.69 0.6508866679461706 9.510000228881836 268.1256781560814 278.80797609058664
8258 9102 271280 167.255562519 44.4118914506 0.0961407 0.969656 42.9028 45052900000.0 -21.6414 1363 53053 629 1236477 2.0 26.04 1.9136484885702327 nan nan nan
8603 12703 143060 247.282646413 40.6650474998 0.0299683 0.627429 81.8549 15039800000.0 -20.0149 816 52379 230 564266 1.0 0.0 1.2723519479532996 nan nan nan
8603 9101 143061 247.225624269 40.8666111706 0.030343 0.958519 150.318 20985700000.0 -20.4366 816 52379 231 1013584 1.0 1.0 2.285145064571243 nan nan nan
8603 12705 143056 247.280269588 40.5910287121 0.0327969 0.503666 99.0257 30996300000.0 -20.8211 816 52379 222 564262 1.0 1.0 2.38776004213044 nan nan nan
8603 1902 223022 246.983373947 39.281381216 0.0319436 0.956866 11.9862 22165800000.0 -20.4425 1172 52759 146 1016486 1.0 1.0 2.151980090371282 nan nan nan
8603 3701 222972 247.31877318 39.4010368861 0.0281234 0.463398 12.6209 21079000000.0 -20.3809 1172 52759 75 1009324 1.0 1.0 2.2575003940984097 nan nan nan
8603 12704 142948 247.893876589 40.5655973228 0.0273289 0.700621 124.221 31902800000.0 -20.985 816 52379 61 565329 2.0 19.87 0.7051427403102916 nan nan nan
8603 12702 223501 246.869310993 38.8691083472 0.0276667 0.847418 102.843 23397700000.0 -20.576 1173 52790 338 1015476 1.0 1.0 2.361770915366075 nan nan nan
8603 3704 222938 247.844097158 39.1678263093 0.0294841 0.538963 6.40265 19425700000.0 -20.2936 1172 52759 13 1017724 1.0 1.0 2.305816172875178 nan nan nan
8603 6103 142977 247.800367796 40.4218744432 0.0270087 0.392703 2.68588 5097800000.0 -19.1027 816 52379 111 548491 2.0 34.33 0.38508288826594805 nan nan nan
8603 3702 143086 247.04131843 40.6956030265 0.0323713 0.518096 17.3612 20713900000.0 -20.3896 816 52379 264 564253 1.0 1.0 2.3260885839304213 nan nan nan
8603 1901 223267 246.932842958 39.7438485022 0.0282842 0.83827 83.2021 5068260000.0 -18.8471 1172 52759 497 -1 -1.0 -1.0 2.5411610810653023 nan nan nan
8603 12701 222937 248.140561423 39.1310206842 0.130272 0.823406 148.417 107977000000.0 -22.1821 1172 52759 12 1011688 2.0 15.08 1.0574975475466628 nan nan nan
8603 3703 223321 246.996764647 40.4972891314 0.033678 0.553541 74.8519 27981800000.0 -20.7229 1172 52759 565 547931 1.0 1.0 2.313756946223247 nan nan nan
8603 6104 686850 247.419950798 40.6869537939 0.0305182 0.397935 123.25 13686000000.0 -19.953 817 52381 373 1013588 2.0 15.63 1.0877197473758524 nan nan nan
8603 6102 222997 247.192439713 39.4631583195 0.0260378 0.431864 163.449 10810900000.0 -19.6625 1172 52759 112 1009303 1.0 0.0 2.395722726796311 nan nan nan
8603 9102 223097 246.238624146 39.5312045188 0.0359966 0.792326 121.919 14318300000.0 -20.5636 1172 52759 237 1007160 2.0 34.67 0.4375920833430359 nan nan nan
8452 1902 156660 157.77930272 48.0148303874 0.058703 0.925427 10.6485 13947100000.0 -21.0229 874 52338 55 840454 2.0 102.12 0.5505530419287743 nan nan nan
8452 3701 652595 156.193566849 46.4560652324 0.0424317 0.921463 95.0914 34457000000.0 -21.0715 961 52615 301 956288 1.0 1.0 2.3127762458227963 nan nan nan
8452 9101 182780 156.433378312 47.3264947743 0.062131 0.872688 75.0684 95878000000.0 -22.048 961 52615 376 958470 1.0 1.0 2.4649405000511737 nan nan nan
8452 12701 177289 155.551392374 46.8938752615 0.0400151 0.89266 38.7552 3257530000.0 -19.061 944 52614 605 900834 2.0 57.25 1.113363128708844 nan nan nan
8452 6101 177217 154.836371039 46.5502087767 0.024362 0.453433 73.3788 2068090000.0 -18.6035 944 52614 453 900811 2.0 53.37 0.5782738337441097 nan nan nan
8452 9102 624654 156.966733085 46.0063699088 0.0398743 0.723336 113.419 17628100000.0 -20.8206 0 0 0 -1 -1.0 -1.0 0.38496978775248925 nan nan nan
8452 6104 182832 157.181464397 47.6790079342 0.0427482 0.673853 30.7327 5457460000.0 -19.3046 961 52615 455 903534 2.0 34.95 0.551758716724537 nan nan nan
8452 12704 182831 157.357080392 47.2334299812 0.0518134 0.425259 79.5541 14632800000.0 -20.4128 961 52615 453 900880 2.0 41.88 0.5325235552679034 nan nan nan
8452 3703 156702 156.699612286 48.1290396768 0.133195 0.709354 107.032 156601000000.0 -22.6059 874 52338 138 842898 1.0 1.0 1.2854309878834855 nan nan nan
8452 6102 182792 156.138100834 46.8312068204 0.0424731 0.532723 124.158 35749400000.0 -21.1384 961 52615 395 957361 2.0 22.19 0.6797426991253736 nan nan nan
8452 12702 156284 156.044276918 47.5239549356 0.0425735 0.233187 64.4586 5962350000.0 -19.5156 873 52674 18 840433 2.0 26.16 0.7990092989764636 nan nan nan
8452 6103 182807 156.738961114 47.5243300034 0.0608266 0.801857 143.954 81880800000.0 -21.9836 961 52615 413 903518 1.0 1.0 2.5115852259219147 nan nan nan
8452 12703 156683 156.805684986 48.2447914261 0.0609631 0.805928 65.5054 59375100000.0 -21.8744 874 52338 99 842904 2.0 24.11 0.5794531409626997 nan nan nan
8452 3704 182878 157.538994172 47.2784029777 0.0250599 0.592679 72.1128 5062260000.0 -19.257 961 52615 534 900887 2.0 42.28 0.5513140449684432 nan nan nan
8452 3702 156745 156.298016415 47.7390794143 0.0621072 0.850507 29.2421 67147700000.0 -21.6918 874 52338 212 868944 1.0 1.0 2.5628461994108607 nan nan nan
8452 12705 653312 157.93769 46.67167 0.024944 0.934746 60.2425 10859400000.0 -20.4216 0 0 0 -1 -1.0 -1.0 0.5190485333335203 nan nan nan
8452 1901 177299 155.88555557 46.0577547418 0.0257723 0.868904 160.796 4331010000.0 -18.9309 944 52614 630 894553 1.0 2.0 1.022215860274137 nan nan nan
8455 3702 269602 156.590550666 39.9536297797 0.0636164 0.951865 112.62 88310700000.0 -22.2258 1359 53002 81 1183950 2.0 20.0 0.4640902546055786 nan nan nan
8455 6103 269625 156.356094112 40.3483200486 0.11615 0.794829 169.437 91415700000.0 -22.0108 1359 53002 123 1226708 1.0 1.0 2.335522773938301 nan nan nan
8455 3704 290460 157.6859 40.05744 0.0231081 0.715172 130.717 2357110000.0 -18.8387 1428 52998 605 1183978 2.0 60.99 0.557241816948013 nan nan nan
8455 1901 269657 156.188492041 40.8734642132 0.0372224 0.713458 109.974 3058090000.0 -18.4168 1359 53002 174 1243966 1.0 2.0 2.0723908797554347 nan nan nan
8455 9102 270174 157.059621191 41.5698778924 0.0423293 0.900753 34.7638 3378210000.0 -19.3908 1360 53033 439 1246243 2.0 83.15 1.0831827468665312 nan nan nan
8455 6102 269553 157.462717896 40.4316687434 0.0439226 0.385066 119.004 7113460000.0 -19.15 1359 53002 4 1240055 2.0 12.69 0.9730949459566471 nan nan nan
8455 6104 291119 157.987625029 40.3058408071 0.079275 0.758933 39.5558 57478000000.0 -21.5092 1430 53002 404 1184039 1.0 1.0 2.4282970991290984 nan nan nan
8455 3703 269616 157.231141191 40.7841632884 0.0430115 0.73324 156.525 9456890000.0 -19.5497 1359 53002 104 1241792 1.0 1.0 2.4810864299689106 nan nan nan
8455 12701 269234 154.731809916 40.6129387518 0.0292303 0.930289 141.972 4854940000.0 -20.0813 1357 53034 554 1231208 2.0 65.4 0.587320502725085 nan nan nan
8455 9101 291110 157.183627878 39.7785903652 0.0300443 0.512692 152.625 4157490000.0 -19.6033 1430 53002 393 1158714 2.0 91.69 0.6739537367247632 nan nan nan
8455 12704 269599 157.527557031 41.1400994738 0.09047 0.882656 40.2813 71667600000.0 -21.7514 1359 53002 77 1244003 1.0 1.0 2.3693932283150754 nan nan nan
8455 12702 269036 155.10729 40.22346 0.0675268 0.441697 38.7745 34173200000.0 -21.1209 1357 53034 26 1241730 2.0 19.62 1.347497998182133 nan nan nan
8455 6101 290418 156.396651952 39.6736477762 0.0232593 0.756477 71.8902 4115110000.0 -19.0085 1428 52998 537 1158693 2.0 41.82 0.7081344719219925 nan nan nan
8455 12703 270022 157.723267521 41.2210951037 0.092116 0.679764 9.40408 132001000000.0 -22.469 1360 53033 175 1244011 1.0 1.0 2.4373767303636265 nan nan nan
8455 12705 290440 157.229589837 39.8948270578 0.0442662 0.221921 71.5225 7924540000.0 -19.5974 1428 52998 573 1158726 2.0 41.38 0.3237669763486247 nan nan nan
8455 1902 290347 155.708675211 39.3689423013 0.0261512 0.566776 172.296 1691620000.0 -17.8228 1428 52998 427 1158674 2.0 30.65 0.6922183912627551 nan nan nan
8455 3701 290432 157.179457248 39.8388849686 0.0292897 0.752186 175.702 6628810000.0 -19.7971 1428 52998 561 1158716 2.0 69.32 0.5057636412401969 nan nan nan
8464 9102 273839 186.211126212 45.2619113654 0.0238484 0.796587 119.53 5853720000.0 -19.4382 1371 52821 462 1234417 2.0 43.48 0.5059374518387234 nan nan nan
8464 6102 273832 186.000240273 45.9439870099 0.0225666 0.95115 77.7481 2254110000.0 -18.6354 1371 52821 453 1251214 2.0 55.26 0.7200855737044568 nan nan nan
8464 6104 273859 186.313874666 45.2359867152 0.0241486 0.630692 52.2925 4890660000.0 -19.0095 1371 52821 493 1234415 2.0 28.11 0.6090197016949255 nan nan nan
8464 3703 273603 187.493919072 44.3016765831 0.0397906 0.830195 42.015 6332300000.0 -19.1291 1371 52821 9 1242564 1.0 1.0 2.3930795793053057 nan nan nan
8464 12701 273902 186.446890985 45.9095701047 0.0235479 0.575578 90.0943 7831330000.0 -19.736 1371 52821 574 1251234 2.0 28.04 0.5833359213436351 nan nan nan
8464 3702 628384 187.063503724 44.4531321941 0.0228925 0.806568 137.025 8997890000.0 -19.7979 0 0 0 -1 -1.0 -1.0 0.8604910388533235 nan nan nan
8464 6103 273877 186.280313987 46.3629087348 0.0382112 0.441424 139.378 1924940000.0 -18.4634 1371 52821 526 1168042 2.0 61.06 0.45409832262013056 nan nan nan
8464 3704 274032 188.10783748 44.1836188104 0.0307771 0.888304 59.0317 16304000000.0 -20.5877 1372 53062 262 1242578 2.0 38.57 0.5920214893710565 nan nan nan
8464 1901 273825 186.246598598 45.9694962176 0.0240655 0.931264 151.965 1173410000.0 -17.4685 1371 52821 441 1251227 1.0 1.0 2.2189819660592587 nan nan nan
8464 12704 298925 187.936893409 46.1315884926 0.0490936 0.668229 150.525 8087850000.0 -20.4084 1453 53084 140 1239181 2.0 56.16 0.5658717542403051 nan nan nan
8464 12702 274074 187.722485042 45.2194323369 0.0535859 0.409745 137.19 14464700000.0 -20.3908 1372 53062 359 1234450 2.0 20.67 0.897921863008442 nan nan nan
8464 1902 273855 186.4008708 45.0838596746 0.0383813 0.854535 135.374 26893900000.0 -20.6639 1371 52821 489 1246865 1.0 0.0 1.2032103719590586 nan nan nan
8464 3701 273692 185.90069369 44.5450437897 0.0478473 0.952204 128.989 8870890000.0 -20.1042 1371 52821 197 1229437 2.0 44.92 0.9436638632763611 nan nan nan
8464 12703 298920 187.879247737 46.5352810229 0.0246345 0.239242 55.1129 2473770000.0 -18.4107 1453 53084 132 1202297 2.0 35.32 0.9564239245023094 nan nan nan
