1D_RC/Summer2020/good_fit.txt
# %ECSV 0.9
# ---
# datatype:
# - {name: logM (log(M_sol)), datatype: float64}
# - {name: logM_initial (log(M_sol)), datatype: float64}
# - {name: R_disk (kpc), datatype: float64}
# - {name: R_disk_initial (kpc), datatype: float64}
# - {name: Rho_dc (M_sol/pc^3), datatype: float64}
# - {name: Rho_dc_initial (M_sol/pc^3), datatype: float64}
# - {name: R_halo (kpc), datatype: float64}
# - {name: R_halo_initial (kpcx), datatype: float64}
# schema: astropy-2.0
"logM (log(M_sol))" "logM_initial (log(M_sol))" "R_disk (kpc)" "R_disk_initial (kpc)" "Rho_dc (M_sol/pc^3)" "Rho_dc_initial (M_sol/pc^3)" "R_halo (kpc)" "R_halo_initial (kpcx)"
[from data line 425]
11.152961728375965 11.676975823955914 5.69489966474885 5.069256561408867 0.005078688734115591 0.0021842105263157894 30.652532749780814 30.79957395643872
11.180916063506013 11.676975823955914 5.859792788950461 5.069256561408867 0.004091702020732389 0.0021842105263157894 34.419720419586284 34.563112918696824
11.076188232806416 11.676975823955914 5.369992079988858 5.069256561408867 0.008821261661877534 0.0027052631578947366 23.113939020167884 23.272496031922525
11.12426881192163 11.676975823955914 5.579463155590848 5.069256561408867 0.006563320341070665 0.0027052631578947366 26.85257723055401 27.03603499418062
11.174265157380907 11.676975823955914 5.8848669694007105 5.069256561408867 0.005068026630154801 0.0027052631578947366 30.54660896506858 30.79957395643872
11.327105509480313 11.676975823955914 6.777642372676816 5.069256561408867 0.002641545163457906 0.0032263157894736843 0.6160666674655997 0.6912622583739365
11.076182483969 11.676975823955914 5.364051420688893 5.069256561408867 0.0089551979831245 0.0032263157894736843 23.08471175347026 23.272496031922525
11.125898566762505 11.676975823955914 5.593488562221875 5.069256561408867 0.00657849080256153 0.0032263157894736843 26.81213117222781 27.03603499418062
11.07700823444297 11.676975823955914 5.37220786048283 5.069256561408867 0.008980080022480056 0.0037473684210526316 23.049307311168082 23.272496031922525
11.128857811624561 11.676975823955914 5.620713892764604 5.069256561408867 0.006595695911665717 0.0037473684210526316 26.76089802615648 27.03603499418062
11.33067232752234 11.676975823955914 6.807930350570141 5.069256561408867 0.008541693389704287 0.004268421052631579 0.6149606056441884 0.6912622583739365
11.076105650481528 11.676975823955914 5.368668228366663 5.069256561408867 0.009005667339583301 0.004268421052631579 23.020169043269856 23.272496031922525
11.12892415297165 11.676975823955914 5.623163761516557 5.069256561408867 0.006614294158964683 0.004268421052631579 26.721096480579053 27.03603499418062
11.075736303511945 11.676975823955914 5.365443920123622 5.069256561408867 0.009029653427070409 0.004789473684210527 22.990869853528324 23.272496031922525
11.132590842066243 11.676975823955914 5.65638209965855 5.069256561408867 0.006633097341473421 0.004789473684210527 26.663275671619587 27.03603499418062
11.069453360031297 11.676975823955914 5.316548959471475 5.069256561408867 0.009069426596722044 0.005310526315789474 22.962084238241864 23.272496031922525
11.132498251575122 11.676975823955914 5.657928540120638 5.069256561408867 0.006654046872665248 0.005310526315789474 26.61975237096759 27.03603499418062
11.07406453488947 11.676975823955914 5.356028766646314 5.069256561408867 0.009077015438842461 0.005831578947368421 22.936677419777826 23.272496031922525
11.127750005450274 11.676975823955914 5.58308763869144 5.069256561408867 0.0066703836442479295 0.005831578947368421 26.609695793934605 27.03603499418062
11.073091567085681 11.676975823955914 5.349962671107662 5.069256561408867 0.009098977348096761 0.006352631578947369 22.91233768697454 23.272496031922525
11.127444890773244 11.676975823955914 5.5653207002890905 5.069256561408867 0.0066831622300641885 0.006352631578947369 26.584912229107022 27.03603499418062
11.07291654390762 11.676975823955914 5.349171069132414 5.069256561408867 0.009122695944468634 0.0068736842105263166 22.88288993926799 23.272496031922525
11.126451707947782 11.676975823955914 5.609327036401015 5.069256561408867 0.006706159385538061 0.0068736842105263166 26.54078377651147 27.03603499418062
11.072353091351987 11.676975823955914 5.347090216174922 5.069256561408867 0.009147282131743798 0.007394736842105264 22.854404672349375 23.272496031922525
11.127189252316747 11.676975823955914 5.61646768733913 5.069256561408867 0.006725208359778243 0.007394736842105264 26.49790806362562 27.03603499418062
11.15563406843221 11.676975823955914 5.732551481673645 5.069256561408867 0.0051902623168721225 0.007394736842105264 30.27185130933806 30.79957395643872
11.068030056119731 11.676975823955914 5.316524432362573 5.069256561408867 0.009216433484757985 0.00791578947368421 22.78337684386868 23.272496031922525
11.12462511742499 11.676975823955914 5.596806557112995 5.069256561408867 0.006744199905937458 0.00791578947368421 26.471175303499944 27.03603499418062
11.159316273718474 11.676975823955914 5.766116090875129 5.069256561408867 0.005202416683229154 0.00791578947368421 30.209874321614244 30.79957395643872
11.070850247842813 11.676975823955914 5.337924446841676 5.069256561408867 0.009189967786514973 0.008436842105263158 22.80652888285844 23.272496031922525
11.128508026891623 11.676975823955914 5.6297831480785705 5.069256561408867 0.006765131926519741 0.008436842105263158 26.40958272454118 27.03603499418062
11.159842570873801 11.676975823955914 5.737727939783214 5.069256561408867 0.0052141161181126945 0.008436842105263158 30.170434254547015 30.79957395643872
11.069767102711143 11.676975823955914 5.3354139400987854 5.069256561408867 0.009196794872708554 0.008957894736842106 22.781677073943765 23.272496031922525
11.12581915474781 11.676975823955914 5.561052736782894 5.069256561408867 0.006778938751486053 0.008957894736842106 26.39562074942291 27.03603499418062
11.164760502974913 11.676975823955914 5.8168069511034854 5.069256561408867 0.00523516594971926 0.008957894736842106 30.07160829460263 30.79957395643872
11.069320931866436 11.676975823955914 5.332907155901858 5.069256561408867 0.009206818782359379 0.009478947368421052 22.781098276313084 23.272496031922525
11.12877793223093 11.676975823955914 5.637968936948191 5.069256561408867 0.006810412615863204 0.009478947368421052 26.316258593277276 27.03603499418062
11.154546820368004 11.676975823955914 5.737753184139699 5.069256561408867 0.0052501372351097374 0.009478947368421052 30.088126735572697 30.79957395643872
11.069885835073084 11.676975823955914 5.3313752260265 5.069256561408867 0.009212587647431079 0.01 22.781874905508626 23.272496031922525
11.125171337862074 11.676975823955914 5.559727940808612 5.069256561408867 0.006818436380790688 0.01 26.318843693529843 27.03603499418062
11.168320691480792 11.676975823955914 5.851254805856289 5.069256561408867 0.005266027461206624 0.01 29.952350284439433 30.79957395643872
11.072698912394564 11.676975823955914 5.322950811340307 6.528587995753844 0.008808373827489765 0.0001 23.288973930967977 23.272496031922525
11.138486375564232 11.676975823955914 5.698515334598097 6.528587995753844 0.0064425457430426925 0.0001 27.04449125917343 27.03603499418062
11.162105497535908 11.676975823955914 5.774709112183336 6.528587995753844 0.005015692804884003 0.0001 30.80571867758111 30.79957395643872
11.201056136765796 11.676975823955914 6.084911374265524 6.528587995753844 0.003918141714475404 0.0001 34.563162360832635 34.563112918696824
11.074037653894555 11.676975823955914 5.329356196429192 6.528587995753844 0.008744588639410316 0.0006210526315789474 23.369355226796557 23.272496031922525
11.124912888773737 11.676975823955914 5.575167538633502 6.528587995753844 0.0064514026553529336 0.0006210526315789474 27.093418025814007 27.03603499418062
11.16415399635493 11.676975823955914 5.791340551215605 6.528587995753844 0.005003023415350524 0.0006210526315789474 30.835405179265486 30.79957395643872
11.182249347209948 11.676975823955914 5.865384836321764 6.528587995753844 0.00405471984075204 0.0006210526315789474 34.590629821300986 34.563112918696824
11.566451825335468 11.676975823955914 7.588514285457156 6.528587995753844 0.00023543967247905678 0.0011421052631578948 7.590356367183453 8.218340182890133
11.176722173058836 11.676975823955914 5.899519305473624 6.528587995753844 0.004970860484722871 0.0011421052631578948 30.860825935988068 30.79957395643872
11.198470734866449 11.676975823955914 6.016804337937078 6.528587995753844 0.003976295417742349 0.0011421052631578948 34.593686899335665 34.563112918696824
11.568015390727615 11.676975823955914 7.574599423893038 6.528587995753844 0.0003512396310559008 0.0016631578947368423 7.579830952977467 8.218340182890133
11.130829204426984 11.676975823955914 5.621044571800247 6.528587995753844 0.006397036458086376 0.0016631578947368423 27.18487938635095 27.03603499418062
11.171633224859923 11.676975823955914 5.853826969440631 6.528587995753844 0.004970277811477687 0.0016631578947368423 30.897589086288882 30.79957395643872
11.196401220394051 11.676975823955914 5.988323459358733 6.528587995753844 0.004024227760395952 0.0016631578947368423 34.62300085971858 34.563112918696824
11.56763465509775 11.676975823955914 7.577904507456989 6.528587995753844 0.0004588597889761003 0.0021842105263157894 7.577905949269382 8.218340182890133
11.131080699593989 11.676975823955914 5.63449744653581 6.528587995753844 0.006383144258277627 0.0021842105263157894 27.21454172354037 27.03603499418062
11.179968037453932 11.676975823955914 5.933312356261418 6.528587995753844 0.004952916846532687 0.0021842105263157894 30.90007990794163 30.79957395643872
11.190481729937028 11.676975823955914 5.925578869831832 6.528587995753844 0.00402901912464592 0.0021842105263157894 34.65075526298408 34.563112918696824
11.567603953501552 11.676975823955914 7.577839264048178 6.528587995753844 0.0005706055977190939 0.0027052631578947366 7.577841077055239 8.218340182890133
11.14102171734966 11.676975823955914 5.704160566674456 6.528587995753844 0.006333012994261872 0.0027052631578947366 27.277141852962277 27.03603499418062
11.177414558227499 11.676975823955914 5.902316299401466 6.528587995753844 0.004944570251982876 0.0027052631578947366 30.946608611935225 30.79957395643872
11.165410374546418 11.676975823955914 5.718513648343407 6.528587995753844 0.00405733481181535 0.0027052631578947366 34.71217622245199 34.563112918696824
11.567878966544798 11.676975823955914 7.575372536300375 6.528587995753844 0.0006812719561391185 0.0032263157894736843 7.57934331769598 8.218340182890133
11.141530236551986 11.676975823955914 5.706080979144195 6.528587995753844 0.006312272772123835 0.0032263157894736843 27.321451761701834 27.03603499418062
11.157825627520692 11.676975823955914 5.732339657759126 6.528587995753844 0.004959398714075342 0.0032263157894736843 31.026822519535756 30.79957395643872
11.319582532497513 11.676975823955914 6.845440115363812 6.528587995753844 0.0011391021068804014 0.0032263157894736843 34.48030224366978 34.563112918696824
11.567834025284297 11.676975823955914 7.575631896867178 6.528587995753844 0.0007912637298448632 0.0037473684210526316 7.579179556391574 8.218340182890133
11.146617975561067 11.676975823955914 5.70685620853161 6.528587995753844 0.006281574012841254 0.0037473684210526316 27.366439813356028 27.03603499418062
11.183716607254414 11.676975823955914 5.877478109500053 6.528587995753844 0.004022834505230114 0.0037473684210526316 34.737506812362604 34.563112918696824
11.56754330959838 11.676975823955914 7.578001849823541 6.528587995753844 0.0009032942752711171 0.004268421052631579 7.578004697030037 8.218340182890133
11.147401033755587 11.676975823955914 5.7126964085124134 6.528587995753844 0.006259229752663704 0.004268421052631579 27.41385130092702 27.03603499418062
11.170194351442158 11.676975823955914 5.837477620121644 6.528587995753844 0.0049291738408325314 0.004268421052631579 31.049607499792238 30.79957395643872
11.194837185765142 11.676975823955914 5.972531942382592 6.528587995753844 0.0040057840152425495 0.004268421052631579 34.729634545233786 34.563112918696824
11.56774485189702 11.676975823955914 7.576151231592067 6.528587995753844 0.0010112188376300664 0.004789473684210527 7.578851340943031 8.218340182890133
11.083335421189595 11.676975823955914 5.369450311221735 6.528587995753844 0.008228753112172317 0.004789473684210527 24.062660699662267 23.272496031922525
11.172977919784914 11.676975823955914 5.835686217244614 6.528587995753844 0.004914619678475755 0.004789473684210527 31.08265203268601 30.79957395643872
11.220562855046545 11.676975823955914 6.194057488609193 6.528587995753844 0.003628153476918704 0.004789473684210527 34.60105471835708 34.563112918696824
11.56753960626932 11.676975823955914 7.578622183021188 6.528587995753844 0.001131261459442701 0.005310526315789474 7.57917603376473 8.218340182890133
11.093915433094129 11.676975823955914 5.4296483282755865 6.528587995753844 0.008172769215111066 0.005310526315789474 24.105969650313135 23.272496031922525
11.173978218461958 11.676975823955914 5.8689763407456645 6.528587995753844 0.004903668675201665 0.005310526315789474 31.112974522837654 30.79957395643872
11.180283086299895 11.676975823955914 5.8455842950387735 6.528587995753844 0.00401039935654063 0.005310526315789474 34.8284546933991 34.563112918696824
11.567656701323509 11.676975823955914 7.576673501376835 6.528587995753844 0.0012311360886590023 0.005831578947368421 7.57852093092249 8.218340182890133
11.087657726744458 11.676975823955914 5.3935880325161305 6.528587995753844 0.008108983804298127 0.005831578947368421 24.225796843547933 23.272496031922525
11.17618190689171 11.676975823955914 5.883270799225568 6.528587995753844 0.004901609113135573 0.005831578947368421 31.10563736330437 30.79957395643872
11.198046506394796 11.676975823955914 5.999703809057399 6.528587995753844 0.003987885601839285 0.005831578947368421 34.79307861024431 34.563112918696824
11.567503839555231 11.676975823955914 7.57869299155808 6.528587995753844 0.0013545833535337061 0.006352631578947369 7.5786930105483155 8.218340182890133
11.087379711219544 11.676975823955914 5.386366726002714 6.528587995753844 0.008046566068109705 0.006352631578947369 24.32214834728105 23.272496031922525
11.175367149377358 11.676975823955914 5.877812214278627 6.528587995753844 0.004882112417958519 0.006352631578947369 31.18005649465221 30.79957395643872
11.180321941893425 11.676975823955914 5.815353009939747 6.528587995753844 0.003999929314836442 0.006352631578947369 34.88227761345699 34.563112918696824
11.567509290624235 11.676975823955914 7.5787298868214705 6.528587995753844 0.0014720022064376192 0.0068736842105263166 7.578736102663258 8.218340182890133
11.28109134402464 11.676975823955914 6.60451431654557 6.528587995753844 0.0026065538078931015 0.0068736842105263166 23.15172980548907 23.272496031922525
11.167123947162692 11.676975823955914 5.8061639881307165 6.528587995753844 0.004880537405330045 0.0068736842105263166 31.242021139134653 30.79957395643872
11.183377811840222 11.676975823955914 5.872925275617693 6.528587995753844 0.00399280462629239 0.0068736842105263166 34.89213820683414 34.563112918696824
11.567489193995462 11.676975823955914 7.5778415480282675 6.528587995753844 0.0015608373277585879 0.007394736842105264 7.5778445029153305 8.218340182890133
11.281997423976597 11.676975823955914 6.609452468638127 6.528587995753844 0.002548946712509623 0.007394736842105264 23.136423526275905 23.272496031922525
11.177330062250952 11.676975823955914 5.910682494869176 6.528587995753844 0.004880140222435943 0.007394736842105264 31.15456713215264 30.79957395643872
11.190906650908538 11.676975823955914 5.934955291232283 6.528587995753844 0.003978779114366017 0.007394736842105264 34.899338719680294 34.563112918696824
11.567474762836035 11.676975823955914 7.577804126181101 6.528587995753844 0.0016706279043508972 0.00791578947368421 7.5778062985935035 8.218340182890133
11.283138240748034 11.676975823955914 6.616017259611509 6.528587995753844 0.0024844652409767693 0.00791578947368421 23.118237779335246 23.272496031922525
11.169767551448627 11.676975823955914 5.828845982590067 6.528587995753844 0.0048756172678935915 0.00791578947368421 31.24155076574275 30.79957395643872
11.56757124847414 11.676975823955914 7.578250168750745 6.528587995753844 0.0018238773943855871 0.008436842105263158 7.578252705708321 8.218340182890133
11.284474057234483 11.676975823955914 6.623921745935622 6.528587995753844 0.0024141709804525575 0.008436842105263158 23.097116334888824 23.272496031922525
