1D_RC/Summer2020/good_fit.txt
# %ECSV 0.9
# ---
# datatype:
# - {name: logM (log(M_sol)), datatype: float64}
# - {name: logM_initial (log(M_sol)), datatype: float64}
# - {name: R_disk (kpc), datatype: float64}
# - {name: R_disk_initial (kpc), datatype: float64}
# - {name: Rho_dc (M_sol/pc^3), datatype: float64}
# - {name: Rho_dc_initial (M_sol/pc^3), datatype: float64}
# - {name: R_halo (kpc), datatype: float64}
# - {name: R_halo_initial (kpcx), datatype: float64}
# schema: astropy-2.0
"logM (log(M_sol))" "logM_initial (log(M_sol))" "R_disk (kpc)" "R_disk_initial (kpc)" "Rho_dc (M_sol/pc^3)" "Rho_dc_initial (M_sol/pc^3)" "R_halo (kpc)" "R_halo_initial (kpcx)"
[from data line 106]
10.970549025725076 11.01546373593387 3.9731012212415546 2.150593692718913 0.007500110617748699 0.004789473684210527 4.000249842180739 4.454801220632035
11.253618560747691 11.01546373593387 6.329381940894593 2.150593692718913 0.008691801499977456 0.004789473684210527 6.329465913554094 8.218340182890133
10.98802928922218 11.01546373593387 4.850334855497619 2.150593692718913 0.00978942240335114 0.004789473684210527 34.39115591951453 34.563112918696824
10.970422720350651 11.01546373593387 3.9726356039675244 2.150593692718913 0.007500110475336672 0.005310526315789474 4.000359200075935 4.454801220632035
11.251949436953563 11.01546373593387 6.331552983257968 2.150593692718913 0.008715476195795342 0.005310526315789474 6.332827569422204 8.218340182890133
10.987931201699185 11.01546373593387 4.849936814071028 2.150593692718913 0.009795471630844814 0.005310526315789474 34.35584125947413 34.563112918696824
10.970296436916328 11.01546373593387 3.972167504014925 2.150593692718913 0.007500110332991897 0.005831578947368421 4.0004686661566895 4.454801220632035
11.256654326391557 11.01546373593387 6.324942596488709 2.150593692718913 0.008341472952497155 0.005831578947368421 6.324969104144464 8.218340182890133
10.987837212115695 11.01546373593387 4.849563926970318 2.150593692718913 0.009801682803913688 0.005831578947368421 34.317829039654704 34.563112918696824
10.970170508662045 11.01546373593387 3.971699359791033 2.150593692718913 0.007500110191661965 0.006352631578947369 4.000577668989569 4.454801220632035
11.255290481500397 11.01546373593387 6.326051963160796 2.150593692718913 0.008207570937285727 0.006352631578947369 6.328519238708729 8.218340182890133
10.919808603175658 11.01546373593387 4.254743098598844 2.150593692718913 0.009495643681564537 0.006352631578947369 22.85273254267753 23.272496031922525
10.987734523225969 11.01546373593387 4.84916490462254 2.150593692718913 0.00980846432837466 0.006352631578947369 34.277220201516045 34.563112918696824
10.970044582548287 11.01546373593387 3.971226678206975 2.150593692718913 0.007500110050470096 0.0068736842105263166 4.000687356712051 4.454801220632035
11.259365345314306 11.01546373593387 6.324805077145251 2.150593692718913 0.007417491389228122 0.0068736842105263166 6.324820811516841 8.218340182890133
10.919434299391968 11.01546373593387 4.248247721968606 2.150593692718913 0.009546389713442564 0.0068736842105263166 22.792328535208846 23.272496031922525
10.987624654194665 11.01546373593387 4.848736727980844 2.150593692718913 0.009815682402812666 0.0068736842105263166 34.23407257833905 34.563112918696824
10.969918357000436 11.01546373593387 3.970750315615146 2.150593692718913 0.0075001099108106695 0.007394736842105264 4.000797468477226 4.454801220632035
11.254497183200739 11.01546373593387 6.32803402913297 2.150593692718913 0.008258567977091664 0.007394736842105264 6.328121413275563 8.218340182890133
11.063052315646072 11.01546373593387 5.344370307761914 2.150593692718913 0.009949245513001467 0.007394736842105264 21.925312042850006 19.508957069664426
10.919146952451015 11.01546373593387 4.243546532245634 2.150593692718913 0.009601804161686935 0.007394736842105264 22.728371530046594 23.272496031922525
10.987505998593862 11.01546373593387 4.848267837083433 2.150593692718913 0.009823370676387068 0.007394736842105264 34.18850322973778 34.563112918696824
10.969794084218174 11.01546373593387 3.97028239929413 2.150593692718913 0.007500109771080868 0.00791578947368421 4.000905060611621 4.454801220632035
11.25396592280868 11.01546373593387 6.328740299607066 2.150593692718913 0.008377739679658975 0.00791578947368421 6.328743755597131 8.218340182890133
10.926112159246243 11.01546373593387 4.293314807598504 2.150593692718913 0.009640057439609068 0.00791578947368421 22.668444291022755 23.272496031922525
10.987384581199228 11.01546373593387 4.847792791384136 2.150593692718913 0.009831385263875359 0.00791578947368421 34.14063680687402 34.563112918696824
10.96966956936722 11.01546373593387 3.9698091485433453 2.150593692718913 0.007500109632628855 0.008436842105263158 4.001013505329144 4.454801220632035
11.251651073387139 11.01546373593387 6.326142730919397 2.150593692718913 0.009163011231706996 0.008436842105263158 6.326158988260391 8.218340182890133
10.920870647589634 11.01546373593387 4.259233839408785 2.150593692718913 0.009721485495664619 0.008436842105263158 22.58548871631481 23.272496031922525
10.98725168860765 11.01546373593387 4.8472658852745045 2.150593692718913 0.009839944753101916 0.008436842105263158 34.090549446539455 34.563112918696824
10.96954513877609 11.01546373593387 3.969332961393342 2.150593692718913 0.007500109495005233 0.008957894736842106 4.00112224536012 4.454801220632035
11.250897909995773 11.01546373593387 6.337864729586992 2.150593692718913 0.008421509577802203 0.008957894736842106 6.337991951719864 8.218340182890133
10.940778187457918 11.01546373593387 4.410596435855284 2.150593692718913 0.00979679147340616 0.008957894736842106 22.45387812161521 23.272496031922525
10.987115420417068 11.01546373593387 4.846729500379064 2.150593692718913 0.009848832807407065 0.008957894736842106 34.03831518305695 34.563112918696824
10.969421558889614 11.01546373593387 3.96885933096533 2.150593692718913 0.007500109359208992 0.009478947368421052 4.00122990013353 4.454801220632035
11.256857567610993 11.01546373593387 6.331587154999577 2.150593692718913 0.006897707607722034 0.009478947368421052 6.331873577889213 8.218340182890133
10.951890402965908 11.01546373593387 4.492122548862172 2.150593692718913 0.009875618172549304 0.009478947368421052 22.338710394612875 23.272496031922525
10.986973619974407 11.01546373593387 4.846171890359611 2.150593692718913 0.009858099012951874 0.009478947368421052 33.984046247132916 34.563112918696824
10.969298845129938 11.01546373593387 3.9683882608516154 2.150593692718913 0.007500109224988467 0.01 4.001336514221747 4.454801220632035
11.256519198892036 11.01546373593387 6.326249892338489 2.150593692718913 0.007939561320142376 0.01 6.3263074199341895 8.218340182890133
10.986834173411937 11.01546373593387 4.845627414231618 2.150593692718913 0.009867541550212244 0.01 33.92774203131929 34.563112918696824
10.976805422900592 11.01546373593387 4.62053147208714 3.60992512706389 0.009041764828373678 0.0001 23.275231771652848 23.272496031922525
10.975046015256167 11.01546373593387 4.619897780102399 3.60992512706389 0.00675556723654987 0.0001 27.03743231058132 27.03603499418062
10.97827804898748 11.01546373593387 4.537200376718167 3.60992512706389 0.005182750005740069 0.0001 30.800614545632783 30.79957395643872
10.979343643009948 11.01546373593387 4.509619937746838 3.60992512706389 0.004321573793087916 0.0001 34.563942358534284 34.563112918696824
10.976509318099213 11.01546373593387 4.624524925482859 3.60992512706389 0.009038967361829024 0.0006210526315789474 23.282392206574077 23.272496031922525
10.980562195791096 11.01546373593387 4.4823635292273645 3.60992512706389 0.006745985598866939 0.0006210526315789474 27.0421063936051 27.03603499418062
10.97794983646537 11.01546373593387 4.544795200645195 3.60992512706389 0.005299130976115062 0.0006210526315789474 30.8048146861988 30.79957395643872
10.979215823259944 11.01546373593387 4.512146690732777 3.60992512706389 0.004321198391663077 0.0006210526315789474 34.56724393805195 34.563112918696824
11.325969699124753 11.01546373593387 6.786292220727359 3.60992512706389 0.0006037563454927782 0.0011421052631578948 8.267634198149423 8.218340182890133
10.972282910635457 11.01546373593387 4.6912267746028276 3.60992512706389 0.009041958613247674 0.0011421052631578948 23.2861119817506 23.272496031922525
10.977774106480338 11.01546373593387 4.550193006287646 3.60992512706389 0.006702344451093075 0.0011421052631578948 27.04534670383299 27.03603499418062
10.981044912454587 11.01546373593387 4.466947396134051 3.60992512706389 0.005105346435469605 0.0011421052631578948 30.80633426614989 30.79957395643872
10.982705125526497 11.01546373593387 4.4247375987042155 3.60992512706389 0.004317858804466304 0.0011421052631578948 34.56831182952181 34.563112918696824
10.971871980567345 11.01546373593387 4.700796195244176 3.60992512706389 0.00904058618584766 0.0016631578947368423 23.287127536942226 23.272496031922525
10.977389626258951 11.01546373593387 4.559250791428751 3.60992512706389 0.006748597929154669 0.0016631578947368423 27.045848020236754 27.03603499418062
10.980502882958241 11.01546373593387 4.480017964869118 3.60992512706389 0.005295707088087451 0.0016631578947368423 30.806604260642228 30.79957395643872
10.982517190357115 11.01546373593387 4.42889744376763 3.60992512706389 0.004318012838235288 0.0016631578947368423 34.56837442622123 34.563112918696824
10.973601578184056 11.01546373593387 4.656747233955111 3.60992512706389 0.00902998835787586 0.0021842105263157894 23.28435776462347 23.272496031922525
10.977283551224744 11.01546373593387 4.561273866794874 3.60992512706389 0.006749405620294239 0.0021842105263157894 27.044001118950856 27.03603499418062
10.980314976487877 11.01546373593387 4.484142241597031 3.60992512706389 0.005286860889699091 0.0021842105263157894 30.805065221015234 30.79957395643872
10.98278942099509 11.01546373593387 4.421448233390804 3.60992512706389 0.004071046176764468 0.0021842105263157894 34.56700737936687 34.563112918696824
10.9733217590088 11.01546373593387 4.663156533457298 3.60992512706389 0.009043644511033861 0.0027052631578947366 23.279308199118926 23.272496031922525
10.977066628556557 11.01546373593387 4.566085719192786 3.60992512706389 0.006751837580995157 0.0027052631578947366 27.03997422373826 27.03603499418062
10.980247038955307 11.01546373593387 4.485224909163371 3.60992512706389 0.005194259584849448 0.0027052631578947366 30.801837196932123 30.79957395643872
10.983002416194442 11.01546373593387 4.415487627689622 3.60992512706389 0.00389297200464996 0.0027052631578947366 34.56438973630641 34.563112918696824
10.973012644850053 11.01546373593387 4.670276779601226 3.60992512706389 0.009054240860588895 0.0032263157894736843 23.271363628320216 23.272496031922525
10.976837979457143 11.01546373593387 4.571182243075296 3.60992512706389 0.00675431317375746 0.0032263157894736843 27.03380173662083 27.03603499418062
10.979983688033125 11.01546373593387 4.491258366702383 3.60992512706389 0.005299502701987393 0.0032263157894736843 30.796998069125873 30.79957395643872
10.981794814266184 11.01546373593387 4.445324139699983 3.60992512706389 0.004319373838297301 0.0032263157894736843 34.560488616553236 34.563112918696824
10.975640803427654 11.01546373593387 4.61538041906127 3.60992512706389 0.009057200898638169 0.0037473684210526316 23.26127018450976 23.272496031922525
10.976838135715713 11.01546373593387 4.570566929516364 3.60992512706389 0.0067584809778213194 0.0037473684210526316 27.025596139216926 27.03603499418062
10.980006048818508 11.01546373593387 4.490036833586196 3.60992512706389 0.005100272280037274 0.0037473684210526316 30.790628836153612 30.79957395643872
10.981476356961235 11.01546373593387 4.4527362994516535 3.60992512706389 0.00432127037489528 0.0037473684210526316 34.55526471665411 34.563112918696824
10.975282013461838 11.01546373593387 4.619327373200876 3.60992512706389 0.009067722584596953 0.004268421052631579 23.248533053224296 23.272496031922525
10.978995638034846 11.01546373593387 4.51799981038673 3.60992512706389 0.006760286247223054 0.004268421052631579 27.016614250467562 27.03603499418062
10.979855060124292 11.01546373593387 4.49319403913385 3.60992512706389 0.00502891012480312 0.004268421052631579 30.7827396121633 30.79957395643872
10.981670912673813 11.01546373593387 4.4471991745515655 3.60992512706389 0.004050372129803307 0.004268421052631579 34.548993770908424 34.563112918696824
10.973956417210793 11.01546373593387 4.646802034302474 3.60992512706389 0.009082864963891619 0.004789473684210527 23.232376698241854 23.272496031922525
10.978515732300643 11.01546373593387 4.528023024836993 3.60992512706389 0.006765980626539043 0.004789473684210527 27.004896815034666 27.03603499418062
10.9796776523054 11.01546373593387 4.497387211024181 3.60992512706389 0.005304053921386341 0.004789473684210527 30.77335378434784 30.79957395643872
10.988373167556935 11.01546373593387 4.851681093914779 3.60992512706389 0.009766637797760307 0.004789473684210527 34.53130597912053 34.563112918696824
11.27941921249953 11.01546373593387 6.608679875457695 3.60992512706389 0.0066696669318473 0.005310526315789474 7.936304029758602 8.218340182890133
10.974127611641368 11.01546373593387 4.642270501725268 3.60992512706389 0.009096328956420157 0.005310526315789474 23.214755282776146 23.272496031922525
10.978044978169168 11.01546373593387 4.5390678115998355 3.60992512706389 0.006721362960017968 0.005310526315789474 26.991189090581575 27.03603499418062
10.958140605453542 11.01546373593387 5.030692467493358 3.60992512706389 0.005312226469661009 0.005310526315789474 30.7405372957066 30.79957395643872
10.988327595629146 11.01546373593387 4.8514796452065845 3.60992512706389 0.009769025333210954 0.005310526315789474 34.518741219477015 34.563112918696824
10.977580698292126 11.01546373593387 4.629194376353885 3.60992512706389 0.009102770786244892 0.005831578947368421 23.197663734246916 23.272496031922525
10.976972060362499 11.01546373593387 4.5652013836621546 3.60992512706389 0.006783191722926464 0.005831578947368421 26.974510751620652 27.03603499418062
10.956400662185217 11.01546373593387 5.073354191644962 3.60992512706389 0.005348864497009754 0.005831578947368421 30.719047556538982 30.79957395643872
10.988284244256375 11.01546373593387 4.851298487019466 3.60992512706389 0.00977153508425015 0.005831578947368421 34.50466979409956 34.563112918696824
10.974031417110284 11.01546373593387 4.642148031211381 3.60992512706389 0.009122006795972009 0.006352631578947369 23.1724047673847 23.272496031922525
10.976048195287069 11.01546373593387 4.587547004924595 3.60992512706389 0.006793078188377893 0.006352631578947369 26.955609133483986 27.03603499418062
10.988249779773998 11.01546373593387 4.851172604798783 3.60992512706389 0.009773988322974199 0.006352631578947369 34.48915771557897 34.563112918696824
11.268332406611814 11.01546373593387 6.57511145168469 3.60992512706389 0.008605994770701167 0.0068736842105263166 7.631040318776606 8.218340182890133
10.97452032569013 11.01546373593387 4.628773870731876 3.60992512706389 0.00914684882348212 0.0068736842105263166 23.149613975958534 23.272496031922525
10.956195362336963 11.01546373593387 5.079256737560151 3.60992512706389 0.006852322894422467 0.0068736842105263166 26.886475381776826 27.03603499418062
10.988189011177646 11.01546373593387 4.850904934445247 3.60992512706389 0.009777173068332153 0.0068736842105263166 34.472272063139485 34.563112918696824
10.973964762822904 11.01546373593387 4.642150515639159 3.60992512706389 0.009170092533620304 0.007394736842105264 23.1215414921941 23.272496031922525
10.953734475963547 11.01546373593387 5.139631849472507 3.60992512706389 0.006875526150778054 0.007394736842105264 26.848018506023223 27.03603499418062
10.988136337119215 11.01546373593387 4.850689551608901 3.60992512706389 0.009780361846592065 0.007394736842105264 34.45405221462242 34.563112918696824
11.293348658677267 11.01546373593387 6.6743285825262975 3.60992512706389 0.0056657650342973025 0.00791578947368421 7.345916239895434 8.218340182890133
10.973393501162414 11.01546373593387 4.6555080920054 3.60992512706389 0.009117356900349212 0.00791578947368421 23.090771802255603 23.272496031922525
10.988089904687836 11.01546373593387 4.85051242604137 3.60992512706389 0.009783515664571942 0.00791578947368421 34.43455956761709 34.563112918696824
10.963419591503378 11.01546373593387 4.90427104707588 3.60992512706389 0.009279078744667454 0.008436842105263158 23.00945214595998 23.272496031922525
