1D_RC/Summer2020/good_fit.txt
# %ECSV 0.9
# ---
# datatype:
# - {name: logM (log(M_sol)), datatype: float64}
# - {name: logM_initial (log(M_sol)), datatype: float64}
# - {name: R_disk (kpc), datatype: float64}
# - {name: R_disk_initial (kpc), datatype: float64}
# - {name: Rho_dc (M_sol/pc^3), datatype: float64}
# - {name: Rho_dc_initial (M_sol/pc^3), datatype: float64}
# - {name: R_halo (kpc), datatype: float64}
# - {name: R_halo_initial (kpcx), datatype: float64}
# schema: astropy-2.0
"logM (log(M_sol))" "logM_initial (log(M_sol))" "R_disk (kpc)" "R_disk_initial (kpc)" "Rho_dc (M_sol/pc^3)" "Rho_dc_initial (M_sol/pc^3)" "R_halo (kpc)" "R_halo_initial (kpcx)"
[from data line 530]
11.567642666584558 11.676975823955914 7.577598202837823 6.528587995753844 0.0019462996616633743 0.008957894736842106 7.578165812200616 8.218340182890133
11.285965359695203 11.676975823955914 6.632865388406978 6.528587995753844 0.0023388918669630114 0.008957894736842106 23.073115017543316 23.272496031922525
11.207011728073232 11.676975823955914 6.088992103374946 6.528587995753844 0.00396983744449524 0.008957894736842106 34.80558578719554 34.563112918696824
11.567421159290838 11.676975823955914 7.577783670321667 6.528587995753844 0.002010625301029244 0.009478947368421052 7.577799069479537 8.218340182890133
11.287561645760267 11.676975823955914 6.642513503248094 6.528587995753844 0.0022605356332041173 0.009478947368421052 23.046441126662003 23.272496031922525
11.197692104994118 11.676975823955914 5.994066042258393 6.528587995753844 0.003957450104305911 0.009478947368421052 34.95179547338567 34.563112918696824
11.567526893372152 11.676975823955914 7.577789880123085 6.528587995753844 0.002149760369357614 0.01 7.5777941622771126 8.218340182890133
11.28925557793352 11.676975823955914 6.652789930508977 6.528587995753844 0.002178798648506466 0.01 23.01700733812194 23.272496031922525
11.653213349165068 11.676975823955914 8.203665118572445 7.98791943009882 9.820392739444137e-05 0.0001 8.209747873206837 8.218340182890133
11.077460524269652 11.676975823955914 5.361437205682831 7.98791943009882 0.008787050323143877 0.0001 23.3004960943517 23.272496031922525
11.419295986885952 11.676975823955914 10.327720377279213 7.98791943009882 0.005403331863860261 0.0001 27.015618572198534 27.03603499418062
11.403820193033997 11.676975823955914 10.468182695934448 7.98791943009882 0.004297777912219055 0.0001 30.7824665106212 30.79957395643872
11.397623679428834 11.676975823955914 10.524399306355194 7.98791943009882 0.003519494525549117 0.0001 34.54898907265702 34.563112918696824
11.656682377610831 11.676975823955914 8.172168907131791 7.98791943009882 0.0006115265031191453 0.0006210526315789474 8.173046848312286 8.218340182890133
11.544527801478273 11.676975823955914 9.189657579156279 7.98791943009882 0.0027668676291684813 0.0006210526315789474 19.394956916953085 19.508957069664426
11.082049374618483 11.676975823955914 5.390457096714313 7.98791943009882 0.008663922330596634 0.0006210526315789474 23.449563748023163 23.272496031922525
11.136173382546442 11.676975823955914 5.6672301397275495 7.98791943009882 0.00639607998114747 0.0006210526315789474 27.159847901961932 27.03603499418062
11.398600668968335 11.676975823955914 10.515560345771995 7.98791943009882 0.004337756031904603 0.0006210526315789474 30.68972655559296 30.79957395643872
11.39046433038952 11.676975823955914 10.589389132460502 7.98791943009882 0.0035523133068760624 0.0006210526315789474 34.471719048306944 34.563112918696824
11.659569010931671 11.676975823955914 8.145960412492354 7.98791943009882 0.0011270787707250535 0.0011421052631578948 8.146532554570324 8.218340182890133
11.071516144887278 11.676975823955914 5.290182948823411 7.98791943009882 0.00855974820477387 0.0011421052631578948 23.630890880723893 23.272496031922525
11.153996677398771 11.676975823955914 5.776820981823647 7.98791943009882 0.006316587661690372 0.0011421052631578948 27.246601410706713 27.03603499418062
11.389673460783259 11.676975823955914 10.596603431304956 7.98791943009882 0.004291496202227058 0.0011421052631578948 30.588142735741414 30.79957395643872
11.381934848687054 11.676975823955914 10.666813097987326 7.98791943009882 0.0034833952708492747 0.0011421052631578948 34.38751606634195 34.563112918696824
11.66205090761577 11.676975823955914 8.123426627036745 7.98791943009882 0.00164439596060982 0.0016631578947368423 8.129050045294127 8.218340182890133
11.08649456889942 11.676975823955914 5.409195726951509 7.98791943009882 0.008430474282956554 0.0016631578947368423 23.757975534078533 23.272496031922525
11.402734378153346 11.676975823955914 10.4781017524338 7.98791943009882 0.005591947637205297 0.0016631578947368423 26.659890513874046 27.03603499418062
11.383684190929504 11.676975823955914 10.650976292223085 7.98791943009882 0.004438989477364915 0.0016631578947368423 30.480928248217705 30.79957395643872
11.377223441640878 11.676975823955914 10.709575579093803 7.98791943009882 0.0036084954149527672 0.0016631578947368423 34.29961131125486 34.563112918696824
11.662030708187281 11.676975823955914 8.123610022901206 7.98791943009882 0.002159537296778549 0.0021842105263157894 8.125504354427386 8.218340182890133
11.082227360004804 11.676975823955914 5.356742520313096 7.98791943009882 0.008284545299208506 0.0021842105263157894 23.930606259729235 23.272496031922525
11.396816915544512 11.676975823955914 10.531828600526698 7.98791943009882 0.005664408805075938 0.0021842105263157894 26.524964284570064 27.03603499418062
11.376279094427204 11.676975823955914 10.718198248282762 7.98791943009882 0.0044948296949965764 0.0021842105263157894 30.364830747114734 30.79957395643872
11.369046108380322 11.676975823955914 10.783807253792771 7.98791943009882 0.0036547676372684695 0.0021842105263157894 34.20271518702562 34.563112918696824
11.661836861406783 11.676975823955914 8.124730895931487 7.98791943009882 0.0025234779724774095 0.0027052631578947366 8.124730905359401 8.218340182890133
11.077980695593203 11.676975823955914 5.340968305155235 7.98791943009882 0.008147471230035565 0.0027052631578947366 24.102347563003818 23.272496031922525
11.144980689553153 11.676975823955914 5.741726818152685 7.98791943009882 0.006193472907889245 0.0027052631578947366 27.568349922389647 27.03603499418062
11.368148391431367 11.676975823955914 10.792005945876939 7.98791943009882 0.004542956667080258 0.0027052631578947366 30.239380342070415 30.79957395643872
11.200120092667934 11.676975823955914 6.015062481170017 7.98791943009882 0.003968419199229025 0.0027052631578947366 34.87439955432679 34.563112918696824
11.661946503960548 11.676975823955914 8.124374534974498 7.98791943009882 0.0031896654143073852 0.0032263157894736843 8.124981295973383 8.218340182890133
11.085966209612907 11.676975823955914 5.378288216257644 7.98791943009882 0.00809075366684436 0.0032263157894736843 24.259999752729787 23.272496031922525
11.146717868402972 11.676975823955914 5.707767220915045 7.98791943009882 0.00613774234879082 0.0032263157894736843 27.70347545161844 27.03603499418062
11.176293091598774 11.676975823955914 5.88517619931972 7.98791943009882 0.004849750359282324 0.0032263157894736843 31.28898087720685 30.79957395643872
11.180081980791018 11.676975823955914 5.844868032417961 7.98791943009882 0.003982438144242016 0.0032263157894736843 34.972253835479 34.563112918696824
11.661999467235479 11.676975823955914 8.123677769378423 7.98791943009882 0.003633039557708436 0.0037473684210526316 8.125455588570127 8.218340182890133
11.067112762714482 11.676975823955914 5.203366711968149 7.98791943009882 0.007974670676846651 0.0037473684210526316 24.510126453299353 23.272496031922525
11.1503247840646 11.676975823955914 5.741692860809929 7.98791943009882 0.0060859400670904285 0.0037473684210526316 27.80860219907634 27.03603499418062
11.158033442125676 11.676975823955914 5.724283967757983 7.98791943009882 0.004846309861533459 0.0037473684210526316 31.425669949973063 30.79957395643872
11.190299353779631 11.676975823955914 5.930488152551649 7.98791943009882 0.003956881712287558 0.0037473684210526316 35.0181726590027 34.563112918696824
11.661907102091579 11.676975823955914 8.124731881281667 7.98791943009882 0.004219632864265616 0.004268421052631579 8.12473680468256 8.218340182890133
11.159801828136757 11.676975823955914 5.89126481372702 7.98791943009882 0.006167475178889229 0.004268421052631579 27.55340825138658 27.03603499418062
11.167531538825763 11.676975823955914 5.804497315149003 7.98791943009882 0.004808454847264011 0.004268421052631579 31.49905089117279 30.79957395643872
11.198219235984995 11.676975823955914 5.996132787780604 7.98791943009882 0.003932096795757952 0.004268421052631579 35.07859935711686 34.563112918696824
11.332790437242387 11.676975823955914 6.819740861631235 7.98791943009882 0.004179884406136977 0.004789473684210527 0.7632089775938622 0.6912622583739365
11.662487259801013 11.676975823955914 8.119464872065903 7.98791943009882 0.00473702370030367 0.004789473684210527 8.12834035435893 8.218340182890133
11.140881201683166 11.676975823955914 5.679965180632328 7.98791943009882 0.00601968390732542 0.004789473684210527 28.02207898925954 27.03603499418062
11.180892615055614 11.676975823955914 5.918470399546055 7.98791943009882 0.004769277573199928 0.004789473684210527 31.549391221046612 30.79957395643872
11.219847816333802 11.676975823955914 6.229774247775953 7.98791943009882 0.0038677369950855045 0.004789473684210527 34.87741915143492 34.563112918696824
11.331831599635278 11.676975823955914 6.81302156688045 7.98791943009882 0.004920306726884711 0.005310526315789474 0.7637458924230234 0.6912622583739365
11.6633211569381 11.676975823955914 8.111893703088747 7.98791943009882 0.005255717439395191 0.005310526315789474 8.133520343110613 8.218340182890133
11.083907654478587 11.676975823955914 5.298110560639824 7.98791943009882 0.007620977248495278 0.005310526315789474 25.02062059975279 23.272496031922525
11.142507760817338 11.676975823955914 5.684872062951076 7.98791943009882 0.0059539783329193696 0.005310526315789474 28.17791636758599 27.03603499418062
11.183855487829433 11.676975823955914 5.882117386396301 7.98791943009882 0.004738786337679843 0.005310526315789474 31.643504111749497 30.79957395643872
11.18962697524288 11.676975823955914 5.91819623197 7.98791943009882 0.003914134640312646 0.005310526315789474 35.2471558262161 34.563112918696824
11.332081484950777 11.676975823955914 6.815393063217452 7.98791943009882 0.004830350446813892 0.005831578947368421 0.7635998928199887 0.6912622583739365
11.662014079567466 11.676975823955914 8.123760998465062 7.98791943009882 0.005765631102142754 0.005831578947368421 8.125401061035717 8.218340182890133
11.05091791291869 11.676975823955914 5.218193384402074 7.98791943009882 0.00980860490182951 0.005831578947368421 22.14307761225193 19.508957069664426
11.108904654824077 11.676975823955914 5.529648175555051 7.98791943009882 0.007564150784354479 0.005831578947368421 25.013475732741327 23.272496031922525
11.142312352849933 11.676975823955914 5.6802396542258675 7.98791943009882 0.005916422927596097 0.005831578947368421 28.274425931054065 27.03603499418062
11.175025463986827 11.676975823955914 5.86210773815922 7.98791943009882 0.0047347294013285355 0.005831578947368421 31.719654275638177 30.79957395643872
11.192800992127378 11.676975823955914 5.944378149422515 7.98791943009882 0.0038963009647540758 0.005831578947368421 35.31379558238717 34.563112918696824
11.33172680680998 11.676975823955914 6.811797484422334 7.98791943009882 0.004792122330030482 0.006352631578947369 0.7637945814698488 0.6912622583739365
11.662036145316543 11.676975823955914 8.122932386178165 7.98791943009882 0.005941117364789438 0.006352631578947369 8.125959438890792 8.218340182890133
11.049171694914882 11.676975823955914 5.174623379628143 7.98791943009882 0.009528034416148235 0.006352631578947369 22.451251014551858 19.508957069664426
11.468574378542199 11.676975823955914 9.880049196135436 7.98791943009882 0.00798466548379067 0.006352631578947369 21.715863369655764 23.272496031922525
11.456564086669799 11.676975823955914 9.989095635665898 7.98791943009882 0.005750524222883098 0.006352631578947369 25.756040135024474 27.03603499418062
11.208248701899468 11.676975823955914 6.079959901519642 7.98791943009882 0.003868388525059957 0.006352631578947369 35.32372795864937 34.563112918696824
11.332312335223822 11.676975823955914 6.8168722654212885 7.98791943009882 0.004924977305691997 0.0068736842105263166 0.7634793107021673 0.6912622583739365
11.661907784864757 11.676975823955914 8.124722361328118 7.98791943009882 0.006792836896272042 0.0068736842105263166 8.124743269390569 8.218340182890133
11.059344842982561 11.676975823955914 5.255724147414842 7.98791943009882 0.009367074518951168 0.0068736842105263166 22.628823801698264 19.508957069664426
11.466402815926406 11.676975823955914 9.899768177206397 7.98791943009882 0.008123151174610046 0.0068736842105263166 21.554139819656903 23.272496031922525
11.452525566346951 11.676975823955914 10.02576209150001 7.98791943009882 0.0058286539728067115 0.0068736842105263166 25.61128815068576 27.03603499418062
11.178148250996921 11.676975823955914 5.885058361596046 7.98791943009882 0.004670410333201731 0.0068736842105263166 31.941111148855523 30.79957395643872
11.205916607703688 11.676975823955914 6.01098851251969 7.98791943009882 0.0038546571716651067 0.0068736842105263166 35.42283376177687 34.563112918696824
11.33213820110048 11.676975823955914 6.8163825694090034 7.98791943009882 0.005145819569221108 0.007394736842105264 0.7634300792480843 0.6912622583739365
11.661936083326932 11.676975823955914 8.124204791274623 7.98791943009882 0.00714082677863366 0.007394736842105264 8.125093548956963 8.218340182890133
11.07080250345326 11.676975823955914 5.299942997928787 7.98791943009882 0.008846428934458249 0.007394736842105264 22.83923344369223 19.508957069664426
11.464205766948721 11.676975823955914 9.919718459684248 7.98791943009882 0.008269623176426159 0.007394736842105264 21.38684907848776 23.272496031922525
11.151003447978479 11.676975823955914 5.743400843205147 7.98791943009882 0.005777898910990781 0.007394736842105264 28.58668164858019 27.03603499418062
11.185368130149612 11.676975823955914 5.946844592436913 7.98791943009882 0.004639504270864179 0.007394736842105264 32.00750638624684 30.79957395643872
11.205715291722685 11.676975823955914 6.056671501171531 7.98791943009882 0.0038468562386585795 0.007394736842105264 35.46446263135661 34.563112918696824
11.331887226939555 11.676975823955914 6.814961306373671 7.98791943009882 0.005728155888778599 0.00791578947368421 0.7635616179978573 0.6912622583739365
11.661908276319364 11.676975823955914 8.124716663601207 7.98791943009882 0.007821727225931913 0.00791578947368421 8.124747144232419 8.218340182890133
11.062662178454845 11.676975823955914 5.24838689963101 7.98791943009882 0.008908907916752739 0.00791578947368421 23.19131196856187 19.508957069664426
11.460507086559607 11.676975823955914 9.953310830246627 7.98791943009882 0.008335327481917048 0.00791578947368421 21.199795906709976 23.272496031922525
11.155818989981134 11.676975823955914 5.76501772882546 7.98791943009882 0.005714435848166331 0.00791578947368421 28.729379343518215 27.03603499418062
11.17479812665852 11.676975823955914 5.854092431579544 7.98791943009882 0.004640980017079877 0.00791578947368421 32.0787558715087 30.79957395643872
11.207385459147517 11.676975823955914 6.06579192633686 7.98791943009882 0.003824510999217199 0.00791578947368421 35.566614339543726 34.563112918696824
11.332710549955971 11.676975823955914 6.819524936512935 7.98791943009882 0.004479707015615853 0.008436842105263158 0.7632108852200487 0.6912622583739365
11.661908200496045 11.676975823955914 8.124718389531367 7.98791943009882 0.008337463517095725 0.008436842105263158 8.124745977117087 8.218340182890133
11.077961604977178 11.676975823955914 5.367027463398192 7.98791943009882 0.00880380228017817 0.008436842105263158 23.276385813887003 19.508957069664426
11.458587682664476 11.676975823955914 9.970737415911985 7.98791943009882 0.008533657242879095 0.008436842105263158 21.023474641446352 23.272496031922525
11.162125364658431 11.676975823955914 5.8377078767479 7.98791943009882 0.005633501379460162 0.008436842105263158 28.823608142354153 27.03603499418062
11.180095218388777 11.676975823955914 5.894631301097173 7.98791943009882 0.004591276289849932 0.008436842105263158 32.23508232797239 30.79957395643872
11.203841935051724 11.676975823955914 6.001056597845555 7.98791943009882 0.00381499408823393 0.008436842105263158 35.6570956036271 34.563112918696824
