1D_RC/good_fit.txt
# %ECSV 0.9
# ---
# datatype:
# - {name: logM (log(M_sol)), datatype: float64}
# - {name: logM_initial (log(M_sol)), datatype: float64}
# - {name: R_disk (kpc), datatype: float64}
# - {name: R_disk_initial (kpc), datatype: float64}
# - {name: Rho_dc (M_sol/pc^3), datatype: float64}
# - {name: Rho_dc_initial (M_sol/pc^3), datatype: float64}
# - {name: R_halo (kpc), datatype: float64}
# - {name: R_halo_initial (kpcx), datatype: float64}
# schema: astropy-2.0
"logM (log(M_sol))" "logM_initial (log(M_sol))" "R_disk (kpc)" "R_disk_initial (kpc)" "Rho_dc (M_sol/pc^3)" "Rho_dc_initial (M_sol/pc^3)" "R_halo (kpc)" "R_halo_initial (kpcx)"
11.117797035287733 10.353951647911828 4.9554264000828026 0.6912622583739365 0.007499973621502635 0.0001 4.955430955177835 4.454801220632035
11.054226787738378 10.353951647911828 5.242708924485629 0.6912622583739365 0.009750839327518428 0.0001 22.198737781334625 15.74541810740633
11.363622573702282 10.353951647911828 7.958931709478408 0.6912622583739365 0.007506233940710861 0.0001 23.533745513681662 23.272496031922525
11.129335885831553 10.353951647911828 5.607552781873788 0.6912622583739365 0.006404237761990873 0.0001 27.176289143627976 27.03603499418062
11.1779402975044 10.353951647911828 5.91579236236883 0.6912622583739365 0.004952324132686244 0.0001 30.916178485703792 30.79957395643872
11.189287213968363 10.353951647911828 5.926353288077179 0.6912622583739365 0.004029764145874091 0.0001 34.65653487615922 34.563112918696824
11.394232604195437 10.353951647911828 8.213221497866966 0.6912622583739365 0.006601087919253135 0.0006210526315789474 24.825636099498833 23.272496031922525
11.148441212545116 10.353951647911828 5.718048037432406 0.6912622583739365 0.00607822388941239 0.0006210526315789474 27.83785449859933 27.03603499418062
11.170547676086159 10.353951647911828 5.837688834746102 0.6912622583739365 0.0048105735651897815 0.0006210526315789474 31.470052702522796 30.79957395643872
11.177833822497464 10.353951647911828 5.793547851895199 0.6912622583739365 0.003964976297428635 0.0006210526315789474 35.081638891658685 34.563112918696824
11.352445018118155 10.353951647911828 7.903456937164309 0.6912622583739365 0.007971668708442693 0.0011421052631578948 22.924841830219492 19.508957069664426
11.109508217271802 10.353951647911828 5.559517803532667 0.6912622583739365 0.007544085080307968 0.0011421052631578948 24.995161520171578 23.272496031922525
11.15547639440567 10.353951647911828 5.7583830159962766 0.6912622583739365 0.005835173252945287 0.0011421052631578948 28.411076107682863 27.03603499418062
11.178458784053497 10.353951647911828 5.888413000273242 0.6912622583739365 0.004679324054315303 0.0011421052631578948 31.904763505865677 30.79957395643872
11.206264393537333 10.353951647911828 6.057622188941687 0.6912622583739365 0.0038431743253027 0.0011421052631578948 35.478873581398275 34.563112918696824
11.27714628491174 10.353951647911828 7.034279103424543 0.6912622583739365 0.003921196379509384 0.0016631578947368423 23.62159682115938 19.508957069664426
11.111149901364897 10.353951647911828 5.519710050345963 0.6912622583739365 0.007208422381153496 0.0016631578947368423 25.631913715526856 23.272496031922525
11.13949569374814 10.353951647911828 5.638493271343928 0.6912622583739365 0.0057069541575066485 0.0016631578947368423 28.842610807457856 27.03603499418062
11.213160198620443 10.353951647911828 6.116927850183045 0.6912622583739365 0.0037707044785184143 0.0016631578947368423 35.81385010159182 34.563112918696824
11.295418647561373 10.353951647911828 7.228208288219677 0.6912622583739365 0.0048895894408589255 0.0021842105263157894 22.75837131296055 8.218340182890133
11.082776133120948 10.353951647911828 5.419196607951515 0.6912622583739365 0.008760977076721091 0.0021842105263157894 23.304942081185686 19.508957069664426
11.134187905251832 10.353951647911828 5.716656608903923 0.6912622583739365 0.006724539751038084 0.0021842105263157894 26.246375065292334 23.272496031922525
10.991094552699446 10.353951647911828 4.862213945810679 0.6912622583739365 0.009583227332381343 0.0021842105263157894 35.7331757833028 34.563112918696824
11.403854142247003 10.353951647911828 8.305708354216872 0.6912622583739365 0.006076112636303692 0.0027052631578947366 25.8007233416801 15.74541810740633
10.991473659471767 10.353951647911828 4.863677511231163 0.6912622583739365 0.009557531133453251 0.0027052631578947366 35.91194353801148 34.563112918696824
11.060187877288962 10.353951647911828 5.270829345152097 0.6912622583739365 0.0094754098763254 0.0032263157894736843 22.49043629555203 8.218340182890133
10.991792714315913 10.353951647911828 4.864911455934449 0.6912622583739365 0.009535909529501245 0.0032263157894736843 36.0644674606961 34.563112918696824
11.069371400211915 10.353951647911828 5.306278606586578 0.6912622583739365 0.008949459332354175 0.0037473684210526316 23.115769368269937 4.454801220632035
10.99206115368769 10.353951647911828 4.865948964458601 0.6912622583739365 0.009517718396845412 0.0037473684210526316 36.1941752008276 34.563112918696824
11.137840510493028 10.353951647911828 5.6848349403699565 0.6912622583739365 0.00643105509538928 0.004268421052631579 27.072464903655426 4.454801220632035
11.150681657635815 10.353951647911828 5.751289956929421 0.6912622583739365 0.005915334578066725 0.004268421052631579 28.230242118441023 8.218340182890133
10.992296619668672 10.353951647911828 4.866892247035782 0.6912622583739365 0.00950238314077371 0.004268421052631579 36.30394366053254 34.563112918696824
11.161674521434474 10.353951647911828 5.801105566884677 0.6912622583739365 0.005364652351564998 0.004789473684210527 29.692267014383418 4.454801220632035
11.162398289042152 10.353951647911828 5.798624632836633 0.6912622583739365 0.00526493819681778 0.004789473684210527 29.993470084593994 8.218340182890133
10.985903710412254 10.353951647911828 4.843658904788857 0.6912622583739365 0.009980756548404466 0.004789473684210527 33.102893379841426 30.79957395643872
10.992464183171911 10.353951647911828 4.867514054904594 0.6912622583739365 0.009490109420403221 0.004789473684210527 36.395940280465204 34.563112918696824
11.16226776276692 10.353951647911828 5.804077048094744 0.6912622583739365 0.005341183382342498 0.005310526315789474 29.759483406959127 4.454801220632035
10.986000917941395 10.353951647911828 4.843860632566144 0.6912622583739365 0.00996742831094197 0.005310526315789474 33.20335727497316 30.79957395643872
10.9926244290896 10.353951647911828 4.868121191398328 0.6912622583739365 0.009479422634309665 0.005310526315789474 36.472164960137285 34.563112918696824
11.15253191167316 10.353951647911828 5.732599007706032 0.6912622583739365 0.0054975387303055215 0.005831578947368421 29.355374652553753 4.454801220632035
10.98636726405271 10.353951647911828 4.845410775995912 0.6912622583739365 0.009948394440369074 0.005831578947368421 33.287209531986825 30.79957395643872
10.992749653560102 10.353951647911828 4.8686042248841535 0.6912622583739365 0.009470942016753272 0.005831578947368421 36.534186880972314 34.563112918696824
11.166125347681469 10.353951647911828 5.787464077115487 0.6912622583739365 0.005337791870402958 0.006352631578947369 29.747437873353764 4.454801220632035
10.986542397964342 10.353951647911828 4.846082839152222 0.6912622583739365 0.00993648705587623 0.006352631578947369 33.35454789734785 30.79957395643872
10.992849123676722 10.353951647911828 4.868993390962765 0.6912622583739365 0.009464278624255017 0.006352631578947369 36.58319756475882 34.563112918696824
11.163182258295054 10.353951647911828 5.811662117279148 0.6912622583739365 0.005340491438742418 0.0068736842105263166 29.756147543713794 4.454801220632035
10.986675982797996 10.353951647911828 4.846592077131739 0.6912622583739365 0.009927278157918941 0.0068736842105263166 33.4073791808606 30.79957395643872
10.99293923188567 10.353951647911828 4.8693602367463065 0.6912622583739365 0.009458836946088412 0.0068736842105263166 36.62055772370287 34.563112918696824
11.15880937966881 10.353951647911828 5.7783831462870605 0.6912622583739365 0.005393354811516074 0.007394736842105264 29.623923667696445 4.454801220632035
10.986784053091005 10.353951647911828 4.846984643127006 0.6912622583739365 0.009919939192873891 0.007394736842105264 33.44689078116991 30.79957395643872
10.99297500940016 10.353951647911828 4.869478602855322 0.6912622583739365 0.00945568234008995 0.007394736842105264 36.64705053503827 34.563112918696824
11.159222893890961 10.353951647911828 5.758739482187091 0.6912622583739365 0.005399731057180091 0.00791578947368421 29.603056381153362 4.454801220632035
10.986845364448804 10.353951647911828 4.847242557999688 0.6912622583739365 0.009915683800575975 0.00791578947368421 33.47407276486707 30.79957395643872
10.992984904260084 10.353951647911828 4.869487786530118 0.6912622583739365 0.009454141732577694 0.00791578947368421 36.66363692810823 34.563112918696824
11.174550837893653 10.353951647911828 5.900169798055379 0.6912622583739365 0.0050947404973580015 0.008436842105263158 30.459026512919028 4.454801220632035
10.986883517333482 10.353951647911828 4.847385309140859 0.6912622583739365 0.009912985261918226 0.008436842105263158 33.489918578223225 30.79957395643872
10.99303654055626 10.353951647911828 4.869735809830035 0.6912622583739365 0.009452115909861693 0.008436842105263158 36.67125322542791 34.563112918696824
11.167739568925326 10.353951647911828 5.844922852957657 0.6912622583739365 0.005095214104364541 0.008957894736842106 30.502401560611204 4.454801220632035
10.62131002718238 10.353951647911828 2.9591852768637588 0.6912622583739365 0.009462749963742393 0.008957894736842106 23.371220375237236 19.508957069664426
10.986899002453814 10.353951647911828 4.847448067902252 0.6912622583739365 0.009912042471451284 0.008957894736842106 33.49519188236395 30.79957395643872
10.993014242606533 10.353951647911828 4.869621565572494 0.6912622583739365 0.009452785909069505 0.008957894736842106 36.67021899913868 34.563112918696824
11.145222967746227 10.353951647911828 5.678867990063159 0.6912622583739365 0.0055949989699441245 0.009478947368421052 29.119939916768107 4.454801220632035
10.53640360205423 10.353951647911828 2.8254187829735176 0.6912622583739365 0.009688759437629885 0.009478947368421052 23.17692063337205 19.508957069664426
10.986780051624372 10.353951647911828 4.8471230083087535 0.6912622583739365 0.00991697253686581 0.009478947368421052 33.49049602433433 30.79957395643872
10.992999864267228 10.353951647911828 4.869568994209573 0.6912622583739365 0.009453870597542942 0.009478947368421052 36.66136773303433 34.563112918696824
11.14470895218232 10.353951647911828 5.673133446570908 0.6912622583739365 0.005588527893053768 0.01 29.141173954750148 4.454801220632035
10.986848328588938 10.353951647911828 4.847246107911525 0.6912622583739365 0.009915292940519196 0.01 33.47695778501324 30.79957395643872
10.992972505221198 10.353951647911828 4.869464981815873 0.6912622583739365 0.009455888207663042 0.01 36.6451785174098 34.563112918696824
11.182666805129859 11.01546373593387 5.727072130557756 0.6912622583739365 0.009646602255371327 0.0027052631578947366 5.727074368484568 4.454801220632035
11.071221910024892 11.01546373593387 5.408190986810313 0.6912622583739365 0.009971280138271844 0.0027052631578947366 21.901079560073487 15.74541810740633
11.241527790879296 11.01546373593387 6.22670057389476 0.6912622583739365 0.002272610719222531 0.0032263157894736843 49.09234601987519 34.563112918696824
11.243058378772039 11.01546373593387 6.215377222224523 0.6912622583739365 0.0022726493475716796 0.0037473684210526316 49.06865061178319 34.563112918696824
11.24246388255025 11.01546373593387 6.236582381900018 0.6912622583739365 0.002274302629250811 0.004268421052631579 49.05098717133055 34.563112918696824
11.059563261321644 11.01546373593387 5.350475613552284 0.6912622583739365 0.009682661714527557 0.005831578947368421 22.17028127329397 11.98187914514823
11.282503189290418 11.01546373593387 6.3237671610550885 0.6912622583739365 0.0016535069272122338 0.006352631578947369 6.326338461224682 8.218340182890133
11.24710432536809 11.01546373593387 6.122919962446007 0.6912622583739365 0.005861602358414488 0.0068736842105263166 6.122926032237214 8.218340182890133
11.22485098698115 11.01546373593387 6.011119377207058 0.6912622583739365 0.007774253421955231 0.007394736842105264 6.011122761225245 8.218340182890133
11.231488716620232 11.01546373593387 6.00148004794105 0.6912622583739365 0.007272847564387969 0.00791578947368421 6.001480049628517 8.218340182890133
11.069395318199998 11.01546373593387 5.406724172450191 0.6912622583739365 0.009894112549767905 0.00791578947368421 21.99039891258588 15.74541810740633
11.220874912822746 11.01546373593387 6.017349901924708 0.6912622583739365 0.008124111786392062 0.008436842105263158 6.0173690049689945 8.218340182890133
11.231697468273072 11.01546373593387 6.001652140666671 0.6912622583739365 0.0071433062303850265 0.008957894736842106 6.001652142296674 8.218340182890133
11.23174861454351 11.01546373593387 6.001899188814064 0.6912622583739365 0.006883970858292027 0.009478947368421052 6.001901104750927 8.218340182890133
11.064483068955779 11.01546373593387 5.366257655735386 0.6912622583739365 0.009904491626220894 0.009478947368421052 21.927653858642635 15.74541810740633
10.982097638902394 11.01546373593387 4.822105110893921 0.6912622583739365 0.009999857679617545 0.009478947368421052 33.90646110612488 34.563112918696824
11.229893155995219 11.01546373593387 6.004936298183871 0.6912622583739365 0.007166166324083024 0.01 6.005026917023051 8.218340182890133
11.077636489439922 11.01546373593387 5.463327443008852 0.6912622583739365 0.009915359795481804 0.01 21.211529942166035 15.74541810740633
10.987152459475396 11.01546373593387 4.847494765270819 0.6912622583739365 0.009866548537751069 0.01 33.85813282820026 34.563112918696824
10.988463104703852 11.01546373593387 4.852045047317017 2.150593692718913 0.009761150489948937 0.0001 34.56314874607445 34.563112918696824
10.988452334055198 11.01546373593387 4.852002467512688 2.150593692718913 0.009761837236168353 0.0006210526315789474 34.55903892622086 34.563112918696824
10.988429321996307 11.01546373593387 4.8519083246417125 2.150593692718913 0.00976325019790783 0.0011421052631578948 34.550709090132635 34.563112918696824
10.971303993287425 11.01546373593387 3.975822070561986 2.150593692718913 0.007500111470219716 0.0016631578947368423 3.9996015363504465 4.454801220632035
10.988399173692475 11.01546373593387 4.851790039325452 2.150593692718913 0.009765242710785499 0.0016631578947368423 34.53838204581464 34.563112918696824
10.971178322249797 11.01546373593387 3.975373790877678 2.150593692718913 0.007500111328932638 0.0021842105263157894 3.9997095642879104 4.454801220632035
10.988360527470723 11.01546373593387 4.851640125435488 2.150593692718913 0.009767832492825746 0.0021842105263157894 34.52229664806762 34.563112918696824
10.971054483359506 11.01546373593387 3.9749382959826645 2.150593692718913 0.007500111187868417 0.0027052631578947366 3.9998139283810534 4.454801220632035
10.9883085625282 11.01546373593387 4.851432070526835 2.150593692718913 0.00977111995538051 0.0027052631578947366 34.50261432851217 34.563112918696824
10.970927613055053 11.01546373593387 3.9744792232924495 2.150593692718913 0.007500111045569068 0.0032263157894736843 3.999923597032475 4.454801220632035
10.988251875785776 11.01546373593387 4.851210606061287 2.150593692718913 0.009774879281288666 0.0032263157894736843 34.47948589807955 34.563112918696824
10.973188699422852 11.01546373593387 3.9964547141938964 2.150593692718913 0.007598195685946838 0.0037473684210526316 3.996455355101296 4.454801220632035
11.273498393424386 11.01546373593387 6.613597364729998 2.150593692718913 0.009895125080667451 0.0037473684210526316 6.613652331617976 8.218340182890133
10.988181670097369 11.01546373593387 4.850926612326217 2.150593692718913 0.009779300124402786 0.0037473684210526316 34.45310733628807 34.563112918696824
10.97286657552115 11.01546373593387 3.9948913268943986 2.150593692718913 0.007602361948169244 0.004268421052631579 3.9948915177168165 4.454801220632035
11.266714626074421 11.01546373593387 6.415773059834198 2.150593692718913 0.007817782655831568 0.004268421052631579 6.417607709930438 8.218340182890133
10.988109278907404 11.01546373593387 4.850646790047946 2.150593692718913 0.009784112838845277 0.004268421052631579 34.42364920041641 34.563112918696824
10.970548835014329 11.01546373593387 3.973099907452753 2.150593692718913 0.007500110618107184 0.004789473684210527 4.000250177857899 4.454801220632035
