1D_RC/good_fit.txt
# %ECSV 0.9
# ---
# datatype:
# - {name: logM (log(M_sol)), datatype: float64}
# - {name: logM_initial (log(M_sol)), datatype: float64}
# - {name: R_disk (kpc), datatype: float64}
# - {name: R_disk_initial (kpc), datatype: float64}
# - {name: Rho_dc (M_sol/pc^3), datatype: float64}
# - {name: Rho_dc_initial (M_sol/pc^3), datatype: float64}
# - {name: R_halo (kpc), datatype: float64}
# - {name: R_halo_initial (kpcx), datatype: float64}
# schema: astropy-2.0
"logM (log(M_sol))" "logM_initial (log(M_sol))" "R_disk (kpc)" "R_disk_initial (kpc)" "Rho_dc (M_sol/pc^3)" "Rho_dc_initial (M_sol/pc^3)" "R_halo (kpc)" "R_halo_initial (kpcx)"
[from data line 106]
10.98802962020627 11.01546373593387 4.8503366160577315 2.150593692718913 0.009789414290875651 0.004789473684210527 34.39115586152533 34.563112918696824
10.970422737593733 11.01546373593387 3.9726350741385565 2.150593692718913 0.007500110475236351 0.005310526315789474 4.000359326690232 4.454801220632035
11.251926298975322 11.01546373593387 6.331742149386698 2.150593692718913 0.008630881314145461 0.005310526315789474 6.33280862790448 8.218340182890133
11.041940015768366 11.01546373593387 5.1601987624651215 2.150593692718913 0.00981119580645757 0.005310526315789474 22.168612259251383 15.74541810740633
10.987926604712515 11.01546373593387 4.849913039981867 2.150593692718913 0.00979558069164666 0.005310526315789474 34.35584303163437 34.563112918696824
10.970296541934225 11.01546373593387 3.9721686131674927 2.150593692718913 0.007500110333540215 0.005831578947368421 4.000468379586243 4.454801220632035
11.256666535182022 11.01546373593387 6.324914056498462 2.150593692718913 0.008340837938230006 0.005831578947368421 6.324950897653467 8.218340182890133
10.987835677890851 11.01546373593387 4.849555959319183 2.150593692718913 0.009801721766409036 0.005831578947368421 34.3178297004741 34.563112918696824
10.97017086722274 11.01546373593387 3.9717006123668672 2.150593692718913 0.007500110191193865 0.006352631578947369 4.000577360509951 4.454801220632035
11.257217014614277 11.01546373593387 6.3247565203491005 2.150593692718913 0.0081208062802237 0.006352631578947369 6.324793635493285 8.218340182890133
10.919806333214208 11.01546373593387 4.25478217304992 2.150593692718913 0.00949647209050151 0.006352631578947369 22.852724702162252 23.272496031922525
10.987735226932893 11.01546373593387 4.8491685007594105 2.150593692718913 0.009808446272526779 0.006352631578947369 34.277219828248434 34.563112918696824
10.972898391240868 11.01546373593387 3.997447368144861 2.150593692718913 0.007608190227419739 0.0068736842105263166 3.99744891415631 4.454801220632035
11.25673032984488 11.01546373593387 6.3294337291698755 2.150593692718913 0.0075135024467852035 0.0068736842105263166 6.329439215242105 8.218340182890133
10.919435871638134 11.01546373593387 4.248190239584797 2.150593692718913 0.009545496142796405 0.0068736842105263166 22.792341640091287 23.272496031922525
10.987624814834597 11.01546373593387 4.8487375614850565 2.150593692718913 0.009815678360403196 0.0068736842105263166 34.234072428427474 34.563112918696824
10.969918875534892 11.01546373593387 3.9707534790676706 2.150593692718913 0.007500109910641159 0.007394736842105264 4.000796696212463 4.454801220632035
11.254482752007647 11.01546373593387 6.3281273086076055 2.150593692718913 0.008259165158311611 0.007394736842105264 6.328131878085774 8.218340182890133
11.06323385845275 11.01546373593387 5.345422620207685 2.150593692718913 0.009949967249708173 0.007394736842105264 21.892810687970485 19.508957069664426
10.919147285972208 11.01546373593387 4.243546189396072 2.150593692718913 0.009601802327179621 0.007394736842105264 22.728371585449963 23.272496031922525
10.987505477956065 11.01546373593387 4.8482649753490765 2.150593692718913 0.009823382503389546 0.007394736842105264 34.18850349232607 34.563112918696824
10.969794018756607 11.01546373593387 3.970281385999915 2.150593692718913 0.007500109770740816 0.00791578947368421 4.000905307115609 4.454801220632035
11.254090078341267 11.01546373593387 6.326820101562762 2.150593692718913 0.008343814110761913 0.00791578947368421 6.32881731141624 8.218340182890133
11.052983365697923 11.01546373593387 5.235698221825388 2.150593692718913 0.00938739513287286 0.00791578947368421 22.535083835825294 11.98187914514823
10.926147899936609 11.01546373593387 4.293586759020451 2.150593692718913 0.00963996167982811 0.00791578947368421 22.668483869136157 23.272496031922525
10.987384047588323 11.01546373593387 4.847789977628271 2.150593692718913 0.009831398424545175 0.00791578947368421 34.14063720019119 34.563112918696824
10.969669387122599 11.01546373593387 3.969808209649119 2.150593692718913 0.007500109632250663 0.008436842105263158 4.001013748213237 4.454801220632035
11.251711430711655 11.01546373593387 6.325972766171166 2.150593692718913 0.009167047160447993 0.008436842105263158 6.325996420162353 8.218340182890133
10.92025697785079 11.01546373593387 4.254658378075018 2.150593692718913 0.009721878509189645 0.008436842105263158 22.584806511645823 23.272496031922525
10.987251723557353 11.01546373593387 4.847266056971337 2.150593692718913 0.00983994363636279 0.008436842105263158 34.09054937289776 34.563112918696824
10.9695452659497 11.01546373593387 3.9693352193308926 2.150593692718913 0.007500109495476786 0.008957894736842106 4.00112170549804 4.454801220632035
11.250510195820329 11.01546373593387 6.337667615321543 2.150593692718913 0.008413426825072819 0.008957894736842106 6.3376678432232785 8.218340182890133
10.945522324860383 11.01546373593387 4.439886860926341 2.150593692718913 0.009792380152281168 0.008957894736842106 22.44780494854487 23.272496031922525
10.987114461522149 11.01546373593387 4.8467245261571374 2.150593692718913 0.009848857290859027 0.008957894736842106 34.03831612708359 34.563112918696824
10.969421463943075 11.01546373593387 3.9688592911367966 2.150593692718913 0.007500109358926395 0.009478947368421052 4.00122990924671 4.454801220632035
11.254472900781684 11.01546373593387 6.3383707688948 2.150593692718913 0.007454361520646554 0.009478947368421052 6.338515029447028 8.218340182890133
10.951423946712673 11.01546373593387 4.486036807101359 2.150593692718913 0.0098728009752816 0.009478947368421052 22.342996859544336 23.272496031922525
10.9869726211984 11.01546373593387 4.846166698959073 2.150593692718913 0.00985812447168903 0.009478947368421052 33.98404739985945 34.563112918696824
10.969298864040393 11.01546373593387 3.9683882861967894 2.150593692718913 0.007500109224370308 0.01 4.001336503385739 4.454801220632035
11.2548996958279 11.01546373593387 6.327401042381276 2.150593692718913 0.008129164393834622 0.01 6.3292335213536575 8.218340182890133
10.986833826174381 11.01546373593387 4.845625658524897 2.150593692718913 0.009867551324450231 0.01 33.92774239678032 34.563112918696824
10.976711199987099 11.01546373593387 4.620492645466766 3.60992512706389 0.009044181374642673 0.0001 23.27516770767153 23.272496031922525
10.975045737794227 11.01546373593387 4.6199050298949595 3.60992512706389 0.006755566443341626 0.0001 27.037432325661158 27.03603499418062
10.978278052373344 11.01546373593387 4.53720029002877 3.60992512706389 0.005182748845746698 0.0001 30.800614541394882 30.79957395643872
10.979343627812932 11.01546373593387 4.509620321898256 3.60992512706389 0.0043216010565109006 0.0001 34.563942352533665 34.563112918696824
10.976572306994418 11.01546373593387 4.6243985740008435 3.60992512706389 0.00903690128520489 0.0006210526315789474 23.28243543641139 23.272496031922525
10.980560169856666 11.01546373593387 4.482414459858456 3.60992512706389 0.006745562899155706 0.0006210526315789474 27.042106749754673 27.03603499418062
10.97794971759004 11.01546373593387 4.544798505494077 3.60992512706389 0.0052992577381369855 0.0006210526315789474 30.804814704259627 30.79957395643872
10.979216362123978 11.01546373593387 4.512133000051027 3.60992512706389 0.004320876412009193 0.0006210526315789474 34.56724387458411 34.563112918696824
11.325596906640214 11.01546373593387 6.784763328673909 3.60992512706389 0.0006494422832307185 0.0011421052631578948 8.267595819497219 8.218340182890133
10.97228532348132 11.01546373593387 4.691177394263704 3.60992512706389 0.009044100296426981 0.0011421052631578948 23.28611136979747 23.272496031922525
10.977774107828699 11.01546373593387 4.550192973178547 3.60992512706389 0.006702344468686966 0.0011421052631578948 27.045346703692363 27.03603499418062
10.981044903803301 11.01546373593387 4.466947617095654 3.60992512706389 0.005105347287056498 0.0011421052631578948 30.806334268983793 30.79957395643872
10.982705159465919 11.01546373593387 4.424736880478983 3.60992512706389 0.004317861963304202 0.0011421052631578948 34.568311825874446 34.563112918696824
10.971878275290349 11.01546373593387 4.700658921927547 3.60992512706389 0.00904403824899028 0.0016631578947368423 23.287125711371253 23.272496031922525
10.977382297921622 11.01546373593387 4.559436688125251 3.60992512706389 0.0067484501664565955 0.0016631578947368423 27.045849947593894 27.03603499418062
10.980502346668166 11.01546373593387 4.480031256093346 3.60992512706389 0.005295956808723066 0.0016631578947368423 30.80660436806943 30.79957395643872
10.982518594935113 11.01546373593387 4.428862124991778 3.60992512706389 0.004317332427722747 0.0016631578947368423 34.568374199670714 34.563112918696824
10.973605820220175 11.01546373593387 4.656637860376075 3.60992512706389 0.00902705556332125 0.0021842105263157894 23.28435652558269 23.272496031922525
10.977282791033929 11.01546373593387 4.561293102956829 3.60992512706389 0.006749367747020366 0.0021842105263157894 27.04400127996905 27.03603499418062
10.980296127958654 11.01546373593387 4.484617643930556 3.60992512706389 0.005296535810632976 0.0021842105263157894 30.805068206431525 30.79957395643872
10.9827894223974 11.01546373593387 4.421448199637615 3.60992512706389 0.004071046229241191 0.0021842105263157894 34.56700737727468 34.563112918696824
10.973321071899646 11.01546373593387 4.663172165561162 3.60992512706389 0.00904337283019419 0.0027052631578947366 23.279308303797052 23.272496031922525
10.977067784884968 11.01546373593387 4.566056404250404 3.60992512706389 0.006751460589833939 0.0027052631578947366 27.039974109445172 27.03603499418062
10.980247035240241 11.01546373593387 4.485225002366598 3.60992512706389 0.005194259611175788 0.0027052631578947366 30.801837195009327 30.79957395643872
10.983002422380812 11.01546373593387 4.41548747167513 3.60992512706389 0.0038929719117506154 0.0027052631578947366 34.56438975534473 34.563112918696824
10.973013036950704 11.01546373593387 4.6702531417369455 3.60992512706389 0.009049411586004235 0.0032263157894736843 23.27136359874292 23.272496031922525
10.97683461417748 11.01546373593387 4.571268223404377 3.60992512706389 0.006754264917375592 0.0032263157894736843 27.033801529054056 27.03603499418062
10.97999117899101 11.01546373593387 4.491070677863506 3.60992512706389 0.005295018200150185 0.0032263157894736843 30.796998605646763 30.79957395643872
10.981794269542489 11.01546373593387 4.445337874869866 3.60992512706389 0.0043196464939643285 0.0032263157894736843 34.56048858283374 34.563112918696824
10.975631970092593 11.01546373593387 4.615549942660452 3.60992512706389 0.00905718542724029 0.0037473684210526316 23.26126825921042 23.272496031922525
10.97683814526972 11.01546373593387 4.570566689873259 3.60992512706389 0.0067584762449227525 0.0037473684210526316 27.025596144898472 27.03603499418062
10.980006046353335 11.01546373593387 4.490036895950144 3.60992512706389 0.005100272299899525 0.0037473684210526316 30.79062883831335 30.79957395643872
10.981474428336734 11.01546373593387 4.452784695230363 3.60992512706389 0.004321177052053104 0.0037473684210526316 34.55526426705979 34.563112918696824
10.975262530556453 11.01546373593387 4.620699570703759 3.60992512706389 0.009067835208730906 0.004268421052631579 23.248532420202483 23.272496031922525
10.978943036132264 11.01546373593387 4.517994823956876 3.60992512706389 0.006760046865163103 0.004268421052631579 27.016579268578113 27.03603499418062
10.979855057686452 11.01546373593387 4.493194099398514 3.60992512706389 0.005028910119986088 0.004268421052631579 30.78273960880872 30.79957395643872
10.981670913799785 11.01546373593387 4.447199146653721 3.60992512706389 0.004050372137068665 0.004268421052631579 34.54899376332835 34.563112918696824
10.973956331211177 11.01546373593387 4.646801550544121 3.60992512706389 0.009082750456156655 0.004789473684210527 23.232376710373075 23.272496031922525
10.978513420659931 11.01546373593387 4.5280812516465945 3.60992512706389 0.006766170419521737 0.004789473684210527 27.004894835037295 27.03603499418062
10.979683657810094 11.01546373593387 4.4972343909667 3.60992512706389 0.005300105818850862 0.004789473684210527 30.773358297196335 30.79957395643872
10.988369157867643 11.01546373593387 4.851658104782689 3.60992512706389 0.009766727516956853 0.004789473684210527 34.531306509190586 34.563112918696824
10.974141954110086 11.01546373593387 4.641935216090253 3.60992512706389 0.009096261242054076 0.005310526315789474 23.214774044669756 23.272496031922525
10.978044976902419 11.01546373593387 4.539067844744832 3.60992512706389 0.006721362963514476 0.005310526315789474 26.991189087781816 27.03603499418062
10.95814209561288 11.01546373593387 5.030656632414 3.60992512706389 0.005313261325640199 0.005310526315789474 30.740538781486883 30.79957395643872
10.988329129218114 11.01546373593387 4.851487619991796 3.60992512706389 0.009768986718403216 0.005310526315789474 34.51873843992551 34.563112918696824
10.974431544098305 11.01546373593387 4.632804923399948 3.60992512706389 0.00909753616531938 0.005831578947368421 23.195387875889647 23.272496031922525
10.976974200250002 11.01546373593387 4.56514702247606 3.60992512706389 0.006782746534748246 0.005831578947368421 26.974514248853588 27.03603499418062
10.956400464738826 11.01546373593387 5.073359052046823 3.60992512706389 0.005348856173534616 0.005831578947368421 30.719047277984973 30.79957395643872
10.988285372521116 11.01546373593387 4.851304400475908 3.60992512706389 0.009771506593169858 0.005831578947368421 34.50466980093037 34.563112918696824
10.974022726184444 11.01546373593387 4.642383826675068 3.60992512706389 0.009128023598514376 0.006352631578947369 23.172381906348555 23.272496031922525
10.976055214528404 11.01546373593387 4.587368100584882 3.60992512706389 0.00679158565468286 0.006352631578947369 26.95562384092466 27.03603499418062
10.988247472716314 11.01546373593387 4.851160018975888 3.60992512706389 0.009774042856383329 0.006352631578947369 34.4891584349227 34.563112918696824
10.974520350017594 11.01546373593387 4.628773058978804 3.60992512706389 0.00914685451195581 0.0068736842105263166 23.149614062568606 23.272496031922525
10.956203519629303 11.01546373593387 5.079057096162058 3.60992512706389 0.0068535642789742494 0.0068736842105263166 26.88649569292887 27.03603499418062
10.988189495431078 11.01546373593387 4.850907260697443 3.60992512706389 0.009777159799436752 0.0068736842105263166 34.472271875416844 34.563112918696824
10.973964771164738 11.01546373593387 4.642149845396467 3.60992512706389 0.009170082716065377 0.007394736842105264 23.12154157782014 23.272496031922525
10.95373438188216 11.01546373593387 5.139634163332928 3.60992512706389 0.006875518587388559 0.007394736842105264 26.848018204288696 27.03603499418062
10.988134709854313 11.01546373593387 4.850681053140001 3.60992512706389 0.009780402776201982 0.007394736842105264 34.454052927573365 34.563112918696824
11.293327496254216 11.01546373593387 6.6742431967251505 3.60992512706389 0.005668637751997389 0.00791578947368421 7.345919505965233 8.218340182890133
10.973393474480266 11.01546373593387 4.655509025048678 3.60992512706389 0.009117479538482035 0.00791578947368421 23.090771626608213 23.272496031922525
10.9880910975419 11.01546373593387 4.850518520892426 3.60992512706389 0.009783485143564538 0.00791578947368421 34.43455985040872 34.563112918696824
10.962913079809802 11.01546373593387 4.916652604309474 3.60992512706389 0.009248638558458208 0.008436842105263158 23.006935722944355 23.272496031922525
10.988012457739748 11.01546373593387 4.850173570059727 3.60992512706389 0.009787558086057972 0.008436842105263158 34.413843881608116 34.563112918696824
10.960505563701206 11.01546373593387 4.9756705340249425 3.60992512706389 0.009287956291105319 0.008957894736842106 22.952289121421682 23.272496031922525
