1D_RC/good_fit.txt
# %ECSV 0.9
# ---
# datatype:
# - {name: logM (log(M_sol)), datatype: float64}
# - {name: logM_initial (log(M_sol)), datatype: float64}
# - {name: R_disk (kpc), datatype: float64}
# - {name: R_disk_initial (kpc), datatype: float64}
# - {name: Rho_dc (M_sol/pc^3), datatype: float64}
# - {name: Rho_dc_initial (M_sol/pc^3), datatype: float64}
# - {name: R_halo (kpc), datatype: float64}
# - {name: R_halo_initial (kpcx), datatype: float64}
# schema: astropy-2.0
"logM (log(M_sol))" "logM_initial (log(M_sol))" "R_disk (kpc)" "R_disk_initial (kpc)" "Rho_dc (M_sol/pc^3)" "Rho_dc_initial (M_sol/pc^3)" "R_halo (kpc)" "R_halo_initial (kpcx)"
[from data line 1269]
11.160435669344178 12.338487911977957 5.798474240655794 10.906582298788773 0.005459823011990638 0.005310526315789474 29.417426289099637 19.508957069664426
11.185785327063735 12.338487911977957 5.941976226467185 10.906582298788773 0.0048229840395536865 0.005310526315789474 31.319160295894065 23.272496031922525
11.183016990884889 12.338487911977957 5.911790908277714 10.906582298788773 0.00433316210817542 0.005310526315789474 33.28678056940797 27.03603499418062
11.193356936547607 12.338487911977957 5.982926830881067 10.906582298788773 0.004732051143735188 0.005310526315789474 31.598367115431827 30.79957395643872
12.236774901096938 12.338487911977957 11.370470032165722 10.906582298788773 0.004776794748120643 0.005831578947368421 11.370472713814486 11.98187914514823
11.152286615947277 12.338487911977957 5.72973256179535 10.906582298788773 0.005489553913319445 0.005831578947368421 29.37997751937231 19.508957069664426
11.127201521151578 12.338487911977957 5.599107593248364 10.906582298788773 0.006505699962873442 0.005831578947368421 26.962828728796286 23.272496031922525
11.179683541973775 12.338487911977957 5.854652973583922 10.906582298788773 0.004181004418506256 0.005831578947368421 34.00302223416768 27.03603499418062
11.811913673749014 12.338487911977957 13.313738949818001 10.906582298788773 0.005823109990182346 0.005831578947368421 30.958472259773945 34.563112918696824
12.236780411413232 12.338487911977957 11.370470300825305 10.906582298788773 0.005206182207955881 0.006352631578947369 11.370470456468643 11.98187914514823
11.162762507184953 12.338487911977957 5.8160010618459195 10.906582298788773 0.0054481984618252235 0.006352631578947369 29.43712699140698 19.508957069664426
11.192784162349911 12.338487911977957 5.991387722819417 10.906582298788773 0.0044084938572468806 0.006352631578947369 32.886572296986095 23.272496031922525
12.236786074115171 12.338487911977957 11.370469528357416 10.906582298788773 0.005635761596912213 0.0068736842105263166 11.370469533133578 11.98187914514823
11.164167840943485 12.338487911977957 5.831839741790637 10.906582298788773 0.005448961563604924 0.0068736842105263166 29.426054615781805 19.508957069664426
11.194772979585867 12.338487911977957 5.9908698971641385 10.906582298788773 0.004227891990054232 0.0068736842105263166 33.66500725754901 23.272496031922525
12.236791585869781 12.338487911977957 11.370468651636656 10.906582298788773 0.006065222033779162 0.007394736842105264 11.370468660649959 11.98187914514823
11.160603930270401 12.338487911977957 5.800931936133294 10.906582298788773 0.005467928628144324 0.007394736842105264 29.39272916103168 19.508957069664426
11.196959746838441 12.338487911977957 5.99543540935619 10.906582298788773 0.004046480490035534 0.007394736842105264 34.508585260552934 23.272496031922525
12.236798047771629 12.338487911977957 11.370465123873416 10.906582298788773 0.006495823620355709 0.00791578947368421 11.370471407408916 11.98187914514823
11.15993163311011 12.338487911977957 5.767845526099304 10.906582298788773 0.0054312779569036405 0.00791578947368421 29.50511750236618 19.508957069664426
11.197061163676759 12.338487911977957 5.991305026999757 10.906582298788773 0.003992024960977409 0.00791578947368421 34.78057232279314 23.272496031922525
11.192338887428326 12.338487911977957 5.895079317385983 10.906582298788773 0.0034090641150552035 0.00791578947368421 38.25075256082345 30.79957395643872
12.236803155952694 12.338487911977957 11.370466808072655 10.906582298788773 0.0069262223581501884 0.008436842105263158 11.370467193081964 11.98187914514823
11.162923180464023 12.338487911977957 5.8204690846138005 10.906582298788773 0.005451523564179148 0.008436842105263158 29.426396773578244 19.508957069664426
11.196710618737857 12.338487911977957 5.988703649271787 10.906582298788773 0.004000461612536478 0.008436842105263158 34.74091485236702 23.272496031922525
11.212800961110997 12.338487911977957 6.084710839634119 10.906582298788773 0.0032802735888661488 0.008436842105263158 38.44183326475197 30.79957395643872
12.23680346619731 12.338487911977957 11.370463055163876 10.906582298788773 0.007338130916694136 0.008957894736842106 11.370467624131509 11.98187914514823
11.160292355849599 12.338487911977957 5.7944234266602175 10.906582298788773 0.005428566292804877 0.008957894736842106 29.510187042940775 19.508957069664426
11.197307318591918 12.338487911977957 5.993225428781144 10.906582298788773 0.003999338808979137 0.008957894736842106 34.74147328761378 23.272496031922525
11.206126272847236 12.338487911977957 6.004771150253147 10.906582298788773 0.003265605928508786 0.008957894736842106 39.129619907423915 30.79957395643872
11.835595523180727 12.338487911977957 13.207179288863804 10.906582298788773 0.0027284110097159503 0.008957894736842106 29.28137395356785 34.563112918696824
12.236808986474783 12.338487911977957 11.37046417088632 10.906582298788773 0.007768539215832856 0.009478947368421052 11.370464177076887 11.98187914514823
11.16337954043565 12.338487911977957 5.822855013898111 10.906582298788773 0.005440848971862319 0.009478947368421052 29.454926600430657 19.508957069664426
11.194715767018742 12.338487911977957 5.931895425801849 10.906582298788773 0.003989614590545051 0.009478947368421052 34.81470025990473 23.272496031922525
11.230273659808669 12.338487911977957 6.2072146643547255 10.906582298788773 0.003133616434629621 0.009478947368421052 39.871295906967404 34.563112918696824
12.236814975146723 12.338487911977957 11.370462907774199 10.906582298788773 0.008199039838821922 0.01 11.370463826565295 11.98187914514823
11.154515099674926 12.338487911977957 5.746845078941627 10.906582298788773 0.005460944720018648 0.01 29.450064564904086 19.508957069664426
11.180166313378919 12.338487911977957 5.845479193574799 10.906582298788773 0.003961390032048531 0.01 35.079843926150325 23.272496031922525
11.228508261695266 12.338487911977957 6.196639339953747 10.906582298788773 0.003159876081733084 0.01 39.683895455025464 30.79957395643872
11.333411514922574 12.338487911977957 6.829144764572056 12.365913733133752 0.0035723536104228055 0.0001 1.0318731116778224 0.6912622583739365
11.320872806344024 12.338487911977957 5.349070524107814 12.365913733133752 0.003539020219279784 0.0001 5.357745593623259 4.454801220632035
11.061236925902277 12.338487911977957 5.229063777294252 12.365913733133752 0.008801714276163086 0.0001 23.337353638955545 23.272496031922525
11.158537895301693 12.338487911977957 5.769990203423036 12.365913733133752 0.005319316964693112 0.0001 29.84962049437019 30.79957395643872
11.332782329289792 12.338487911977957 6.841114549217235 12.365913733133752 0.008281261522478928 0.0006210526315789474 1.2906614301321833 0.6912622583739365
12.952544588952613 12.338487911977957 10.009711277728359 12.365913733133752 0.009816261909353089 0.0006210526315789474 10.010831588513252 8.218340182890133
12.450890643403698 12.338487911977957 11.931553550217556 12.365913733133752 0.009898009328436192 0.0006210526315789474 11.931558041442486 11.98187914514823
11.067378392552675 12.338487911977957 5.298650266756589 12.365913733133752 0.009061870863137514 0.0006210526315789474 22.978710354739803 30.79957395643872
11.33269632480598 12.338487911977957 6.840234536350032 12.365913733133752 0.00825587918798092 0.0011421052631578948 1.290770060270441 0.6912622583739365
12.390433565313387 12.338487911977957 12.16221343576214 12.365913733133752 0.009917611308641902 0.0011421052631578948 12.162213445325124 11.98187914514823
11.073058730196768 12.338487911977957 5.3475100074841 12.365913733133752 0.009036903285709774 0.0011421052631578948 22.895831429765153 19.508957069664426
11.444634710239146 12.338487911977957 8.02920640439885 12.365913733133752 4.0882980377815293e-07 0.0011421052631578948 8.173273769072923 27.03603499418062
11.894565248062387 12.338487911977957 14.061095654968826 12.365913733133752 0.0023715844563768564 0.0011421052631578948 30.395678550306062 30.79957395643872
11.333103508261262 12.338487911977957 6.846024242830983 12.365913733133752 0.009151508970801144 0.0016631578947368423 1.2902243615253535 0.6912622583739365
12.18082423549885 12.338487911977957 12.238703974287075 12.365913733133752 0.0056073977072503235 0.0016631578947368423 12.248086847359948 11.98187914514823
11.098624413207409 12.338487911977957 5.47829243743641 12.365913733133752 0.008005863865018328 0.0016631578947368423 24.340747676868435 19.508957069664426
11.119409809359812 12.338487911977957 5.5380787153874955 12.365913733133752 0.006552895206454861 0.0016631578947368423 26.898533911310246 23.272496031922525
11.876174691451656 12.338487911977957 14.137795176209385 12.365913733133752 0.00498521395218188 0.0016631578947368423 29.232411888245522 30.79957395643872
11.332712636926617 12.338487911977957 6.840298941616827 12.365913733133752 0.008199346880482093 0.0021842105263157894 1.2909475601083429 0.6912622583739365
11.111556029541404 12.338487911977957 5.5232233949918 12.365913733133752 0.0071520593452249325 0.0021842105263157894 25.73430777387787 19.508957069664426
11.139633641608855 12.338487911977957 5.65826331035149 12.365913733133752 0.0060558911882946645 0.0021842105263157894 27.93976439381182 23.272496031922525
11.332698871340847 12.338487911977957 6.840129545383301 12.365913733133752 0.008183216141530163 0.0027052631578947366 1.290884516323691 0.6912622583739365
11.13160103440497 12.338487911977957 5.628500697262108 12.365913733133752 0.006393764224480678 0.0027052631578947366 27.188331352253783 19.508957069664426
11.142352093078532 12.338487911977957 5.65445546006928 12.365913733133752 0.005607892715764741 0.0027052631578947366 29.100230798612404 23.272496031922525
11.871685325180827 12.338487911977957 14.156717940243235 12.365913733133752 0.005942211431155054 0.0027052631578947366 24.0998435914619 27.03603499418062
10.993726652874086 12.338487911977957 4.8708666555960525 12.365913733133752 0.00935789711678805 0.0027052631578947366 37.6077988771256 34.563112918696824
11.332725018068533 12.338487911977957 6.840399675871904 12.365913733133752 0.008184013257174551 0.0032263157894736843 1.2909527271046854 0.6912622583739365
11.121302027530083 12.338487911977957 5.573787775425306 12.365913733133752 0.006788056032770785 0.0032263157894736843 26.397380265915103 27.03603499418062
11.196247209963744 12.338487911977957 5.93968620282148 12.365913733133752 0.0035586098624658578 0.0032263157894736843 37.23269651869088 34.563112918696824
11.33264102917821 12.338487911977957 6.839530287923348 12.365913733133752 0.008135279320224386 0.0037473684210526316 1.291278748667964 0.6912622583739365
11.18277122132963 12.338487911977957 5.901624200959539 12.365913733133752 0.004392397159190879 0.0037473684210526316 33.03271847519293 27.03603499418062
11.332735419633792 12.338487911977957 6.840588974285783 12.365913733133752 0.008239707162378445 0.004268421052631579 1.2909815497186714 0.6912622583739365
11.181863147461451 12.338487911977957 5.8740762459116445 12.365913733133752 0.004187445192596233 0.004268421052631579 33.955164348539256 27.03603499418062
11.867907222753756 12.338487911977957 14.171963669396424 12.365913733133752 0.0056310405693447835 0.004268421052631579 31.721031404185766 34.563112918696824
11.332687152115321 12.338487911977957 6.83994262610688 12.365913733133752 0.00812461072751536 0.004789473684210527 1.2911860912745945 0.6912622583739365
11.168957913269084 12.338487911977957 5.795845574769806 12.365913733133752 0.004504906544082202 0.004789473684210527 32.66394783144854 27.03603499418062
11.33241133817125 12.338487911977957 6.837971572345844 12.365913733133752 0.008230503165084684 0.005310526315789474 1.2911970476925771 0.6912622583739365
11.201412079684626 12.338487911977957 6.0537470821650965 12.365913733133752 0.0041831963983876164 0.005310526315789474 33.815627301971574 19.508957069664426
11.203916808020816 12.338487911977957 6.038611338413757 12.365913733133752 0.0038496892764499258 0.005310526315789474 35.46555547634303 27.03603499418062
11.183339353602594 12.338487911977957 5.8645044897901215 12.365913733133752 0.003971272101166244 0.005310526315789474 35.00293581003343 34.563112918696824
11.332707415089073 12.338487911977957 6.840201580298944 12.365913733133752 0.008173579949584698 0.005831578947368421 1.2911063586705727 0.6912622583739365
11.2023117700946 12.338487911977957 6.012489459737791 12.365913733133752 0.004140600904324072 0.005831578947368421 34.00986635502962 19.508957069664426
11.207220810514334 12.338487911977957 6.072644058799259 12.365913733133752 0.0035800305328706674 0.005831578947368421 36.189143473198165 27.03603499418062
11.209034493132814 12.338487911977957 6.072844542383583 12.365913733133752 0.0037186727056027105 0.005831578947368421 36.14945317912232 30.79957395643872
11.332424592859148 12.338487911977957 6.83799424899176 12.365913733133752 0.008180932499836407 0.006352631578947369 1.2912834841944636 0.6912622583739365
11.18923010066436 12.338487911977957 5.948041445514272 12.365913733133752 0.004183472658408692 0.006352631578947369 33.914116344898545 19.508957069664426
11.216639186243127 12.338487911977957 6.204530947361472 12.365913733133752 0.003926545748904639 0.006352631578947369 34.64773577415902 23.272496031922525
11.213308240456058 12.338487911977957 6.098030299114885 12.365913733133752 0.0035718837660311115 0.006352631578947369 36.98535828426874 27.03603499418062
11.332656107085318 12.338487911977957 6.839607206589452 12.365913733133752 0.008094077021816113 0.0068736842105263166 1.2914726532510057 0.6912622583739365
11.19175907278377 12.338487911977957 5.962448370983131 12.365913733133752 0.004195270534647556 0.0068736842105263166 33.839628615762074 19.508957069664426
11.21783237124803 12.338487911977957 6.208358835403132 12.365913733133752 0.0036452246373906865 0.0068736842105263166 35.595124544511926 23.272496031922525
11.217317399559667 12.338487911977957 6.111826179325046 12.365913733133752 0.003208449752976741 0.0068736842105263166 37.80146580967128 27.03603499418062
11.33264925289052 12.338487911977957 6.839594858953042 12.365913733133752 0.008153268124109629 0.007394736842105264 1.2912314918354437 0.6912622583739365
11.190837505602465 12.338487911977957 5.959041374764888 12.365913733133752 0.004084627624798802 0.007394736842105264 34.13052980433976 19.508957069664426
11.223029197820468 12.338487911977957 6.237507928032952 12.365913733133752 0.003609895021929949 0.007394736842105264 36.62580241697967 23.272496031922525
11.218072345858939 12.338487911977957 6.117236192941704 12.365913733133752 0.0033171788324852956 0.007394736842105264 38.62906084674221 27.03603499418062
11.332655003673965 12.338487911977957 6.841719757011933 12.365913733133752 0.00888864572849382 0.00791578947368421 1.2909938334634168 0.6912622583739365
11.202890643978137 12.338487911977957 6.074612310650972 12.365913733133752 0.0042030496130627416 0.00791578947368421 33.71118290798224 19.508957069664426
11.237049409609643 12.338487911977957 6.327193645591166 12.365913733133752 0.003315529466200051 0.00791578947368421 37.5792260041808 23.272496031922525
11.21838804225969 12.338487911977957 6.112521752991819 12.365913733133752 0.0030773378558161387 0.00791578947368421 39.480900411849724 27.03603499418062
11.332340718074526 12.338487911977957 6.837092742889971 12.365913733133752 0.008132278071700121 0.008436842105263158 1.2914588340338287 0.6912622583739365
11.205586161078573 12.338487911977957 6.092205748456787 12.365913733133752 0.004146950353236117 0.008436842105263158 33.656887705038024 19.508957069664426
11.2171046737218 12.338487911977957 6.084964131550399 12.365913733133752 0.0030761909587241165 0.008436842105263158 40.4870361912943 23.272496031922525
11.219612964498367 12.338487911977957 6.108404917202564 12.365913733133752 0.0030821717718940373 0.008436842105263158 40.40907968059704 27.03603499418062
